Residue Name,Residue Number,Binding Free Energy (kcal/mol)
PRO   1,1,-6.9400
ILE   2,2,11.9390
VAL   3,3,-9.0593
GLN   4,4,-54.3537
ASN   5,5,-66.1247
LEU   6,6,-6.4200
GLN   7,7,-53.8690
GLY   8,8,-3.0957
GLN   9,9,-54.1105
MET  10,10,10.4227
VAL  11,11,-8.9896
HID  12,12,12.8593
GLN  13,13,-54.1936
ALA  14,14,8.8231
ILE  15,15,10.9995
SER  16,16,6.7389
PRO  17,17,22.6373
ARG  18,18,-161.5643
THR  19,19,-20.8717
LEU  20,20,-11.6069
ASN  21,21,-71.8716
ALA  22,22,5.4610
TRP  23,23,17.7317
VAL  24,24,-3.1478
LYS  25,25,-4.1577
VAL  26,26,-13.3458
VAL  27,27,-12.6810
GLU  28,28,-55.0694
GLU  29,29,-47.0561
LYS  30,30,-9.4977
ALA  31,31,3.1967
PHE  32,32,11.3307
SER  33,33,9.7941
PRO  34,34,14.2749
GLU  35,35,-56.1672
VAL  36,36,-10.8927
ILE  37,37,19.8255
PRO  38,38,15.1407
MET  39,39,8.4516
PHE  40,40,4.6693
SER  41,41,-0.0483
ALA  42,42,8.6210
LEU  43,43,-10.6749
SER  44,44,-8.7159
GLU  45,45,-58.6062
GLY  46,46,-4.6255
ALA  47,47,4.3663
THR  48,48,-10.2112
PRO  49,49,9.4105
GLN  50,50,-59.6526
ASP  51,51,-58.5166
LEU  52,52,-17.2171
ASN  53,53,-75.2436
THR  54,54,-20.3914
MET  55,55,5.2511
LEU  56,56,-12.3243
ASN  57,57,-70.0493
THR  58,58,-15.5205
VAL  59,59,-9.6340
ALA  60,60,18.9158
PRO  61,61,16.0455
HID  62,62,17.5901
GLN  63,63,-51.8398
ALA  64,64,6.8848
ALA  65,65,6.8410
ALA  66,66,4.7072
GLN  67,67,-51.8364
MET  68,68,6.1330
LEU  69,69,-6.6866
LYS  70,70,-8.3488
GLU  71,71,-66.0619
THR  72,72,-18.6096
ILE  73,73,10.5500
ASN  74,74,-73.4873
GLU  75,75,-61.4246
GLU  76,76,-59.9210
ALA  77,77,3.8835
ALA  78,78,4.0953
GLU  79,79,-57.4612
TRP  80,80,14.4489
ASP  81,81,-52.9406
ARG  82,82,-170.7811
LEU  83,83,-14.6882
HID  84,84,24.3971
PRO  85,85,16.2564
VAL  86,86,-6.6370
HID  87,87,13.7465
ALA  88,88,8.0978
GLY  89,89,10.3443
PRO  90,90,19.1539
ILE  91,91,12.0124
ALA  92,92,19.7211
PRO  93,93,19.1621
GLY  94,94,-2.3774
GLN  95,95,-53.3739
MET  96,96,15.7483
ARG  97,97,-184.9454
GLU  98,98,-48.0883
PRO  99,99,19.6303
ARG 100,100,-180.6220
GLY 101,101,-7.9267
SER 102,102,-4.5610
ASP 103,103,-56.2504
ILE 104,104,7.7719
ALA 105,105,2.0503
GLY 106,106,-3.8842
THR 107,107,-17.1094
THR 108,108,-19.7023
SER 109,109,-1.7787
THR 110,110,-17.1562
LEU 111,111,-10.4726
GLN 112,112,-55.8694
GLU 113,113,-53.2379
GLN 114,114,-57.0382
ILE 115,115,6.6439
GLY 116,116,-3.4047
TRP 117,117,12.7999
MET 118,118,3.2495
THR 119,119,-19.9300
HID 120,120,16.3891
ASN 121,121,-54.2877
PRO 122,122,30.0150
PRO 123,123,14.6467
ILE 124,124,22.5499
PRO 125,125,18.6878
VAL 126,126,-10.5812
GLY 127,127,-5.9316
GLU 128,128,-56.6546
ILE 129,129,7.8021
TYR 130,130,-8.7734
LYS 131,131,-3.1680
ARG 132,132,-167.0456
TRP 133,133,11.8802
ILE 134,134,6.4662
ILE 135,135,7.7510
LEU 136,136,-12.4262
GLY 137,137,-4.8179
LEU 138,138,-14.3060
ASN 139,139,-65.3631
LYS 140,140,-2.9837
ILE 141,141,4.7138
VAL 142,142,-4.7679
ARG 143,143,-164.0927
MET 144,144,3.7926
TYR 145,145,-8.2957
SER 146,146,11.5595
PRO 147,147,15.1885
THR 148,148,-15.9389
SER 149,149,-1.0325
ILE 150,150,13.1134
LEU 151,151,-11.3326
ASP 152,152,-63.5278
ILE 153,153,20.1370
ARG 154,154,-166.4698
GLN 155,155,-66.5435
GLY 156,156,8.7822
PRO 157,157,23.6703
LYS 158,158,-4.1194
GLU 159,159,-46.0368
PRO 160,160,15.5453
PHE 161,161,14.6992
ARG 162,162,-166.9492
ASP 163,163,-67.8815
TYR 164,164,-12.7090
VAL 165,165,-13.1839
ASP 166,166,-56.3220
ARG 167,167,-180.0435
PHE 168,168,0.5753
TYR 169,169,-2.5651
LYS 170,170,-13.0875
THR 171,171,-21.9723
LEU 172,172,-7.8092
ARG 173,173,-170.2394
ALA 174,174,-0.5529
GLU 175,175,-58.1085
GLN 176,176,-53.2143
ALA 177,177,6.5554
SER 178,178,-2.0124
GLN 179,179,-54.2869
GLU 180,180,-57.3733
VAL 181,181,-3.3237
LYS 182,182,-5.5434
ASN 183,183,-74.6850
TRP 184,184,19.0528
MET 185,185,3.5977
THR 186,186,-19.9566
GLU 187,187,-56.0579
THR 188,188,-13.8044
LEU 189,189,-8.8077
LEU 190,190,-12.7503
VAL 191,191,-10.3931
GLN 192,192,-55.5559
ASN 193,193,-71.6493
ALA 194,194,3.3118
ASN 195,195,-58.8350
PRO 196,196,13.3588
ASP 197,197,-65.2786
CYX 198,198,10.7700
LYS 199,199,-7.5277
THR 200,200,-20.5995
ILE 201,201,12.8676
LEU 202,202,-8.8856
LYS 203,203,-3.2746
ALA 204,204,4.1686
LEU 205,205,-9.7891
GLY 206,206,8.0889
PRO 207,207,16.8470
GLY 208,208,-3.8633
ALA 209,209,6.7003
THR 210,210,-13.9099
LEU 211,211,-12.3874
GLU 212,212,-64.7533
GLU 213,213,-61.5335
MET 214,214,5.5917
MET 215,215,5.4885
THR 216,216,-18.0597
ALA 217,217,5.7785
CYX 218,218,7.4841
GLN 219,219,-49.7816
GLY 220,220,6.9571
VAL 221,221,-100.3456
PRO   1,1,-6.8853
ILE   2,2,11.9392
VAL   3,3,-9.0590
GLN   4,4,-54.3535
ASN   5,5,-66.1239
LEU   6,6,-6.4195
GLN   7,7,-53.8688
GLY   8,8,-3.0954
GLN   9,9,-54.1108
MET  10,10,10.4226
VAL  11,11,-8.9888
HID  12,12,12.8601
GLN  13,13,-54.1926
ALA  14,14,8.8241
ILE  15,15,10.9994
SER  16,16,6.7428
PRO  17,17,22.6433
ARG  18,18,-161.5092
THR  19,19,-20.8585
LEU  20,20,-11.5884
ASN  21,21,-71.8189
ALA  22,22,5.5074
TRP  23,23,17.7844
VAL  24,24,-3.1345
LYS  25,25,-4.2130
VAL  26,26,-13.2271
VAL  27,27,-12.6091
GLU  28,28,-57.1949
GLU  29,29,-54.0092
LYS  30,30,-8.4227
ALA  31,31,3.2464
PHE  32,32,11.4450
SER  33,33,9.6515
PRO  34,34,14.3321
GLU  35,35,-56.9511
VAL  36,36,-10.8574
ILE  37,37,19.8397
PRO  38,38,15.1500
MET  39,39,8.4661
PHE  40,40,4.6759
SER  41,41,-0.0477
ALA  42,42,8.6195
LEU  43,43,-10.6732
SER  44,44,-8.7160
GLU  45,45,-58.6504
GLY  46,46,-4.6256
ALA  47,47,4.3673
THR  48,48,-10.2106
PRO  49,49,9.4112
GLN  50,50,-59.6508
ASP  51,51,-58.5694
LEU  52,52,-17.2161
ASN  53,53,-75.2416
THR  54,54,-20.3906
MET  55,55,5.2542
LEU  56,56,-12.3209
ASN  57,57,-70.0479
THR  58,58,-15.5163
VAL  59,59,-9.6162
ALA  60,60,18.9260
PRO  61,61,16.0813
HID  62,62,17.6927
GLN  63,63,-51.7116
ALA  64,64,6.8948
ALA  65,65,6.8500
ALA  66,66,4.7134
GLN  67,67,-51.8316
MET  68,68,6.1372
LEU  69,69,-6.6831
LYS  70,70,-8.3029
GLU  71,71,-66.1123
THR  72,72,-18.6086
ILE  73,73,10.5512
ASN  74,74,-73.4847
GLU  75,75,-61.4794
GLU  76,76,-59.9733
ALA  77,77,3.8842
ALA  78,78,4.0959
GLU  79,79,-57.5101
TRP  80,80,14.4489
ASP  81,81,-52.9803
ARG  82,82,-170.7335
LEU  83,83,-14.6883
HID  84,84,24.3969
PRO  85,85,16.2570
VAL  86,86,-6.6372
HID  87,87,13.7469
ALA  88,88,8.0983
GLY  89,89,10.3436
PRO  90,90,19.1541
ILE  91,91,12.0129
ALA  92,92,19.7205
PRO  93,93,19.1623
GLY  94,94,-2.3774
GLN  95,95,-53.3747
MET  96,96,15.7487
ARG  97,97,-184.8954
GLU  98,98,-48.1342
PRO  99,99,19.6306
ARG 100,100,-180.5797
GLY 101,101,-7.9272
SER 102,102,-4.5608
ASP 103,103,-56.2954
ILE 104,104,7.7722
ALA 105,105,2.0510
GLY 106,106,-3.8834
THR 107,107,-17.1094
THR 108,108,-19.7020
SER 109,109,-1.7776
THR 110,110,-17.1564
LEU 111,111,-10.4722
GLN 112,112,-55.8692
GLU 113,113,-53.2863
GLN 114,114,-57.0385
ILE 115,115,6.6444
GLY 116,116,-3.4045
TRP 117,117,12.8012
MET 118,118,3.2497
THR 119,119,-19.9298
HID 120,120,16.3895
ASN 121,121,-54.2877
PRO 122,122,30.0151
PRO 123,123,14.6468
ILE 124,124,22.5504
PRO 125,125,18.6878
VAL 126,126,-10.5810
GLY 127,127,-5.9315
GLU 128,128,-56.6994
ILE 129,129,7.8021
TYR 130,130,-8.7728
LYS 131,131,-3.1229
ARG 132,132,-166.9915
TRP 133,133,11.8800
ILE 134,134,6.4675
ILE 135,135,7.7518
LEU 136,136,-12.4272
GLY 137,137,-4.8199
LEU 138,138,-14.3029
ASN 139,139,-65.3679
LYS 140,140,-2.9109
ILE 141,141,4.7150
VAL 142,142,-4.7687
ARG 143,143,-163.9691
MET 144,144,3.7948
TYR 145,145,-8.2724
SER 146,146,11.6737
PRO 147,147,16.0245
THR 148,148,-15.8907
SER 149,149,2.7516
ILE 150,150,23.7934
LEU   1,1,-5.2803
ASP   2,2,-62.8789
ILE   3,3,22.6043
ARG   4,4,-166.2660
GLN   5,5,-66.5247
GLY   6,6,8.7952
PRO   7,7,23.6855
LYS   8,8,-4.0432
GLU   9,9,-46.1999
PRO  10,10,15.5378
PHE  11,11,14.6952
ARG  12,12,-166.9053
ASP  13,13,-67.9479
TYR  14,14,-12.7676
VAL  15,15,-13.1553
ASP  16,16,-56.3156
ARG  17,17,-179.3305
PHE  18,18,1.4863
TYR  19,19,-1.8075
LYS  20,20,-10.4923
THR  21,21,-20.5469
LEU  22,22,-6.6574
ARG  23,23,-162.7346
ALA  24,24,0.8530
GLU  25,25,-61.2057
GLN  26,26,-52.1820
ALA  27,27,6.6512
SER  28,28,-1.9799
GLN  29,29,-54.2688
GLU  30,30,-57.4306
VAL  31,31,-3.2717
LYS  32,32,-5.4816
ASN  33,33,-74.6695
TRP  34,34,19.0979
MET  35,35,4.1009
THR  36,36,-19.9244
GLU  37,37,-56.0687
THR  38,38,-13.7748
LEU  39,39,-8.1353
LEU  40,40,-12.7274
VAL  41,41,-10.3957
GLN  42,42,-55.4906
ASN  43,43,-71.3459
ALA  44,44,3.3225
ASN  45,45,-58.8378
PRO  46,46,13.3614
ASP  47,47,-65.3021
CYX  48,48,10.7750
LYS  49,49,-7.4703
THR  50,50,-20.5981
ILE  51,51,12.8704
LEU  52,52,-8.8787
LYS  53,53,-3.2414
ALA  54,54,4.1699
LEU  55,55,-9.7859
GLY  56,56,8.0912
PRO  57,57,16.8498
GLY  58,58,-3.8605
ALA  59,59,6.7024
THR  60,60,-13.9119
LEU  61,61,-12.3763
GLU  62,62,-64.6879
GLU  63,63,-61.5109
MET  64,64,5.5933
MET  65,65,5.4933
THR  66,66,-18.0586
ALA  67,67,5.7793
CYX  68,68,7.4888
GLN  69,69,-49.7829
GLY  70,70,6.9593
VAL  71,71,-100.3600
PRO   1,1,-0.0547
ILE   2,2,-0.0001
VAL   3,3,-0.0003
GLN   4,4,-0.0002
ASN   5,5,-0.0008
LEU   6,6,-0.0005
GLN   7,7,-0.0003
GLY   8,8,-0.0003
GLN   9,9,0.0003
MET  10,10,0.0000
VAL  11,11,-0.0008
HID  12,12,-0.0008
GLN  13,13,-0.0010
ALA  14,14,-0.0010
ILE  15,15,0.0001
SER  16,16,-0.0039
PRO  17,17,-0.0060
ARG  18,18,-0.0551
THR  19,19,-0.0132
LEU  20,20,-0.0185
ASN  21,21,-0.0526
ALA  22,22,-0.0464
TRP  23,23,-0.0527
VAL  24,24,-0.0133
LYS  25,25,0.0554
VAL  26,26,-0.1187
VAL  27,27,-0.0719
GLU  28,28,2.1255
GLU  29,29,6.9531
LYS  30,30,-1.0750
ALA  31,31,-0.0497
PHE  32,32,-0.1143
SER  33,33,0.1425
PRO  34,34,-0.0572
GLU  35,35,0.7839
VAL  36,36,-0.0353
ILE  37,37,-0.0142
PRO  38,38,-0.0093
MET  39,39,-0.0145
PHE  40,40,-0.0066
SER  41,41,-0.0006
ALA  42,42,0.0015
LEU  43,43,-0.0017
SER  44,44,0.0001
GLU  45,45,0.0442
GLY  46,46,0.0001
ALA  47,47,-0.0010
THR  48,48,-0.0007
PRO  49,49,-0.0007
GLN  50,50,-0.0018
ASP  51,51,0.0527
LEU  52,52,-0.0009
ASN  53,53,-0.0020
THR  54,54,-0.0008
MET  55,55,-0.0031
LEU  56,56,-0.0034
ASN  57,57,-0.0014
THR  58,58,-0.0042
VAL  59,59,-0.0178
ALA  60,60,-0.0102
PRO  61,61,-0.0358
HID  62,62,-0.1026
GLN  63,63,-0.1283
ALA  64,64,-0.0100
ALA  65,65,-0.0090
ALA  66,66,-0.0062
GLN  67,67,-0.0048
MET  68,68,-0.0042
LEU  69,69,-0.0035
LYS  70,70,-0.0458
GLU  71,71,0.0504
THR  72,72,-0.0010
ILE  73,73,-0.0012
ASN  74,74,-0.0027
GLU  75,75,0.0548
GLU  76,76,0.0523
ALA  77,77,-0.0007
ALA  78,78,-0.0007
GLU  79,79,0.0490
TRP  80,80,0.0000
ASP  81,81,0.0397
ARG  82,82,-0.0475
LEU  83,83,0.0001
HID  84,84,0.0002
PRO  85,85,-0.0005
VAL  86,86,0.0002
HID  87,87,-0.0004
ALA  88,88,-0.0005
GLY  89,89,0.0007
PRO  90,90,-0.0002
ILE  91,91,-0.0006
ALA  92,92,0.0006
PRO  93,93,-0.0001
GLY  94,94,-0.0000
GLN  95,95,0.0008
MET  96,96,-0.0004
ARG  97,97,-0.0500
GLU  98,98,0.0460
PRO  99,99,-0.0003
ARG 100,100,-0.0423
GLY 101,101,0.0005
SER 102,102,-0.0001
ASP 103,103,0.0450
ILE 104,104,-0.0003
ALA 105,105,-0.0007
GLY 106,106,-0.0007
THR 107,107,-0.0000
THR 108,108,-0.0003
SER 109,109,-0.0011
THR 110,110,0.0002
LEU 111,111,-0.0004
GLN 112,112,-0.0002
GLU 113,113,0.0484
GLN 114,114,0.0003
ILE 115,115,-0.0005
GLY 116,116,-0.0002
TRP 117,117,-0.0013
MET 118,118,-0.0003
THR 119,119,-0.0002
HID 120,120,-0.0004
ASN 121,121,0.0001
PRO 122,122,-0.0001
PRO 123,123,-0.0001
ILE 124,124,-0.0005
PRO 125,125,-0.0001
VAL 126,126,-0.0002
GLY 127,127,-0.0001
GLU 128,128,0.0448
ILE 129,129,0.0000
TYR 130,130,-0.0006
LYS 131,131,-0.0452
ARG 132,132,-0.0541
TRP 133,133,0.0002
ILE 134,134,-0.0013
ILE 135,135,-0.0008
LEU 136,136,0.0010
GLY 137,137,0.0020
LEU 138,138,-0.0030
ASN 139,139,0.0048
LYS 140,140,-0.0727
ILE 141,141,-0.0011
VAL 142,142,0.0008
ARG 143,143,-0.1236
MET 144,144,-0.0023
TYR 145,145,-0.0233
SER 146,146,-0.1141
PRO 147,147,-0.8360
THR 148,148,-0.0482
SER 149,149,-3.7842
ILE 150,150,-10.6800
LEU 151,151,-6.0523
ASP 152,152,-0.6489
ILE 153,153,-2.4674
ARG 154,154,-0.2038
GLN 155,155,-0.0187
GLY 156,156,-0.0130
PRO 157,157,-0.0152
LYS 158,158,-0.0762
GLU 159,159,0.1631
PRO 160,160,0.0075
PHE 161,161,0.0040
ARG 162,162,-0.0439
ASP 163,163,0.0664
TYR 164,164,0.0586
VAL 165,165,-0.0286
ASP 166,166,-0.0063
ARG 167,167,-0.7130
PHE 168,168,-0.9111
TYR 169,169,-0.7575
LYS 170,170,-2.5952
THR 171,171,-1.4254
LEU 172,172,-1.1518
ARG 173,173,-7.5047
ALA 174,174,-1.4059
GLU 175,175,3.0972
GLN 176,176,-1.0323
ALA 177,177,-0.0957
SER 178,178,-0.0325
GLN 179,179,-0.0181
GLU 180,180,0.0573
VAL 181,181,-0.0519
LYS 182,182,-0.0618
ASN 183,183,-0.0155
TRP 184,184,-0.0451
MET 185,185,-0.5032
THR 186,186,-0.0322
GLU 187,187,0.0108
THR 188,188,-0.0296
LEU 189,189,-0.6724
LEU 190,190,-0.0229
VAL 191,191,0.0026
GLN 192,192,-0.0652
ASN 193,193,-0.3034
ALA 194,194,-0.0107
ASN 195,195,0.0028
PRO 196,196,-0.0026
ASP 197,197,0.0234
CYX 198,198,-0.0050
LYS 199,199,-0.0574
THR 200,200,-0.0014
ILE 201,201,-0.0028
LEU 202,202,-0.0069
LYS 203,203,-0.0332
ALA 204,204,-0.0014
LEU 205,205,-0.0032
GLY 206,206,-0.0024
PRO 207,207,-0.0028
GLY 208,208,-0.0027
ALA 209,209,-0.0021
THR 210,210,0.0019
LEU 211,211,-0.0111
GLU 212,212,-0.0654
GLU 213,213,-0.0226
MET 214,214,-0.0016
MET 215,215,-0.0049
THR 216,216,-0.0011
ALA 217,217,-0.0008
CYX 218,218,-0.0047
GLN 219,219,0.0013
GLY 220,220,-0.0022
VAL 221,221,0.0144
