Residue Name,Residue Number,Binding Free Energy (kcal/mol)
PRO   1,1,-1.9436
ILE   2,2,16.1535
VAL   3,3,-9.1255
GLN   4,4,-53.5516
ASN   5,5,-65.9660
LEU   6,6,-5.9437
GLN   7,7,-54.8664
GLY   8,8,-3.1032
GLN   9,9,-53.6696
MET  10,10,8.1201
VAL  11,11,-10.3009
HID  12,12,15.6220
GLN  13,13,-55.3028
ALA  14,14,7.6056
ILE  15,15,9.9917
SER  16,16,8.0002
PRO  17,17,23.2309
ARG  18,18,-162.6490
THR  19,19,-20.3696
LEU  20,20,-13.0761
ASN  21,21,-71.5428
ALA  22,22,5.8703
TRP  23,23,16.0435
VAL  24,24,-2.6754
LYS  25,25,-4.5960
VAL  26,26,-13.7488
VAL  27,27,-13.7258
GLU  28,28,-63.5275
GLU  29,29,-53.5304
LYS  30,30,-9.1746
ALA  31,31,3.6593
PHE  32,32,13.7601
SER  33,33,8.7434
PRO  34,34,12.6539
GLU  35,35,-55.2553
VAL  36,36,-11.1645
ILE  37,37,20.4631
PRO  38,38,16.0139
MET  39,39,8.7470
PHE  40,40,5.6018
SER  41,41,-0.2034
ALA  42,42,9.2214
LEU  43,43,-10.9718
SER  44,44,-7.9539
GLU  45,45,-59.3451
GLY  46,46,-4.4584
ALA  47,47,4.7236
THR  48,48,-9.0455
PRO  49,49,9.8653
GLN  50,50,-58.0481
ASP  51,51,-62.7383
LEU  52,52,-17.0644
ASN  53,53,-76.2183
THR  54,54,-20.5153
MET  55,55,4.8240
LEU  56,56,-11.8692
ASN  57,57,-71.2478
THR  58,58,-16.1475
VAL  59,59,-10.3771
ALA  60,60,18.7575
PRO  61,61,16.5602
HID  62,62,15.8601
GLN  63,63,-50.3539
ALA  64,64,9.5673
ALA  65,65,8.1018
ALA  66,66,7.4083
GLN  67,67,-51.4014
MET  68,68,7.4897
LEU  69,69,-5.8879
LYS  70,70,-7.5839
GLU  71,71,-67.1212
THR  72,72,-20.4396
ILE  73,73,10.2711
ASN  74,74,-73.2872
GLU  75,75,-62.0313
GLU  76,76,-57.7289
ALA  77,77,3.3438
ALA  78,78,4.6344
GLU  79,79,-56.7250
TRP  80,80,13.3641
ASP  81,81,-57.9278
ARG  82,82,-172.2028
LEU  83,83,-16.0587
HID  84,84,21.7983
PRO  85,85,17.5514
VAL  86,86,-7.8637
HID  87,87,16.2087
ALA  88,88,7.6589
GLY  89,89,9.7191
PRO  90,90,18.5259
ILE  91,91,11.0287
ALA  92,92,18.7098
PRO  93,93,19.1967
GLY  94,94,-2.8833
GLN  95,95,-52.0088
MET  96,96,16.6524
ARG  97,97,-180.9023
GLU  98,98,-53.4425
PRO  99,99,18.5309
ARG 100,100,-172.1716
GLY 101,101,-8.2499
SER 102,102,-1.7625
ASP 103,103,-55.2223
ILE 104,104,8.1574
ALA 105,105,1.2357
GLY 106,106,-5.9393
THR 107,107,-15.9336
THR 108,108,-12.5892
SER 109,109,-0.6935
THR 110,110,-14.4658
LEU 111,111,-11.3603
GLN 112,112,-55.5171
GLU 113,113,-52.8307
GLN 114,114,-56.8188
ILE 115,115,5.7850
GLY 116,116,-4.0281
TRP 117,117,13.4919
MET 118,118,4.3099
THR 119,119,-20.0800
HID 120,120,15.5411
ASN 121,121,-55.5067
PRO 122,122,27.6819
PRO 123,123,15.4249
ILE 124,124,23.0063
PRO 125,125,18.1178
VAL 126,126,-10.7338
GLY 127,127,-6.4397
GLU 128,128,-58.9099
ILE 129,129,8.0100
TYR 130,130,-9.7682
LYS 131,131,-2.8144
ARG 132,132,-173.4669
TRP 133,133,11.7982
ILE 134,134,6.1187
ILE 135,135,8.6293
LEU 136,136,-13.4609
GLY 137,137,-4.4413
LEU 138,138,-14.8076
ASN 139,139,-65.4880
LYS 140,140,-2.7168
ILE 141,141,4.7017
VAL 142,142,-5.6587
ARG 143,143,-162.8498
MET 144,144,4.3136
TYR 145,145,-7.7323
SER 146,146,13.2156
PRO 147,147,15.5191
THR 148,148,-14.3411
SER 149,149,1.3352
ILE 150,150,14.7502
LEU 151,151,-11.4578
ASP 152,152,-65.1669
ILE 153,153,17.5735
ARG 154,154,-165.1819
GLN 155,155,-66.1416
GLY 156,156,8.0119
PRO 157,157,24.6870
LYS 158,158,-9.4617
GLU 159,159,-47.7893
PRO 160,160,14.7327
PHE 161,161,16.3382
ARG 162,162,-174.3058
ASP 163,163,-69.0301
TYR 164,164,-13.3146
VAL 165,165,-12.7882
ASP 166,166,-57.0566
ARG 167,167,-178.1430
PHE 168,168,-0.0023
TYR 169,169,-3.5151
LYS 170,170,-10.6683
THR 171,171,-22.0076
LEU 172,172,-7.5407
ARG 173,173,-169.8714
ALA 174,174,0.4258
GLU 175,175,-62.1693
GLN 176,176,-52.0380
ALA 177,177,5.7093
SER 178,178,-1.7081
GLN 179,179,-54.6387
GLU 180,180,-58.2567
VAL 181,181,-3.1699
LYS 182,182,-6.4680
ASN 183,183,-73.9044
TRP 184,184,18.8172
MET 185,185,5.2653
THR 186,186,-21.4799
GLU 187,187,-61.0548
THR 188,188,-15.3896
LEU 189,189,-8.6525
LEU 190,190,-13.0426
VAL 191,191,-9.9730
GLN 192,192,-55.9633
ASN 193,193,-72.9316
ALA 194,194,3.6874
ASN 195,195,-60.2336
PRO 196,196,13.2644
ASP 197,197,-66.7328
CYX 198,198,11.8477
LYS 199,199,-10.0746
THR 200,200,-20.7244
ILE 201,201,12.7366
LEU 202,202,-4.8691
LYS 203,203,-3.5800
ALA 204,204,4.0707
LEU 205,205,-9.9507
GLY 206,206,7.5880
PRO 207,207,18.0764
GLY 208,208,-2.8330
ALA 209,209,4.6036
THR 210,210,-16.0007
LEU 211,211,-11.0516
GLU 212,212,-63.2086
GLU 213,213,-57.9919
MET 214,214,5.5804
MET 215,215,4.2106
THR 216,216,-18.8877
ALA 217,217,5.8698
CYX 218,218,7.4632
GLN 219,219,-50.0179
GLY 220,220,4.1692
VAL 221,221,-96.7676
PRO   1,1,-1.9082
ILE   2,2,16.1547
VAL   3,3,-9.1254
GLN   4,4,-53.5502
ASN   5,5,-65.9661
LEU   6,6,-5.9440
GLN   7,7,-54.8668
GLY   8,8,-3.1036
GLN   9,9,-53.6691
MET  10,10,8.1198
VAL  11,11,-10.3002
HID  12,12,15.6219
GLN  13,13,-55.3020
ALA  14,14,7.6056
ILE  15,15,9.9907
SER  16,16,8.0038
PRO  17,17,23.2336
ARG  18,18,-162.6177
THR  19,19,-20.3641
LEU  20,20,-13.0711
ASN  21,21,-71.5361
ALA  22,22,5.8820
TRP  23,23,16.0636
VAL  24,24,-2.6691
LYS  25,25,-4.5675
VAL  26,26,-13.7084
VAL  27,27,-13.7034
GLU  28,28,-63.5255
GLU  29,29,-55.0052
LYS  30,30,-11.5992
ALA  31,31,3.7550
PHE  32,32,13.7708
SER  33,33,8.9025
PRO  34,34,14.2321
GLU  35,35,-58.7308
VAL  36,36,-11.0840
ILE  37,37,20.5150
PRO  38,38,16.0648
MET  39,39,8.8126
PHE  40,40,5.6115
SER  41,41,-0.2057
ALA  42,42,9.2169
LEU  43,43,-10.9715
SER  44,44,-7.9558
GLU  45,45,-59.3581
GLY  46,46,-4.4597
ALA  47,47,4.7246
THR  48,48,-9.0440
PRO  49,49,9.8667
GLN  50,50,-58.0463
ASP  51,51,-62.7739
LEU  52,52,-17.0663
ASN  53,53,-76.2170
THR  54,54,-20.5142
MET  55,55,4.8263
LEU  56,56,-11.8685
ASN  57,57,-71.2476
THR  58,58,-16.1451
VAL  59,59,-10.3748
ALA  60,60,18.7563
PRO  61,61,16.5600
HID  62,62,15.8670
GLN  63,63,-50.3461
ALA  64,64,9.5676
ALA  65,65,8.1010
ALA  66,66,7.4091
GLN  67,67,-51.3986
MET  68,68,7.4916
LEU  69,69,-5.8867
LYS  70,70,-7.5409
GLU  71,71,-67.1921
THR  72,72,-20.4407
ILE  73,73,10.2701
ASN  74,74,-73.2858
GLU  75,75,-62.1157
GLU  76,76,-57.8039
ALA  77,77,3.3433
ALA  78,78,4.6347
GLU  79,79,-56.8030
TRP  80,80,13.3644
ASP  81,81,-57.9944
ARG  82,82,-172.1264
LEU  83,83,-16.0581
HID  84,84,21.7982
PRO  85,85,17.5523
VAL  86,86,-7.8638
HID  87,87,16.2076
ALA  88,88,7.6588
GLY  89,89,9.7186
PRO  90,90,18.5259
ILE  91,91,11.0299
ALA  92,92,18.7090
PRO  93,93,19.1964
GLY  94,94,-2.8832
GLN  95,95,-52.0096
MET  96,96,16.6526
ARG  97,97,-180.8464
GLU  98,98,-53.5019
PRO  99,99,18.5303
ARG 100,100,-172.1117
GLY 101,101,-8.2481
SER 102,102,-1.7617
ASP 103,103,-55.2724
ILE 104,104,8.1589
ALA 105,105,1.2380
GLY 106,106,-5.9381
THR 107,107,-15.9336
THR 108,108,-12.5902
SER 109,109,-0.6911
THR 110,110,-14.4663
LEU 111,111,-11.3610
GLN 112,112,-55.5170
GLU 113,113,-52.8876
GLN 114,114,-56.8188
ILE 115,115,5.7852
GLY 116,116,-4.0281
TRP 117,117,13.4923
MET 118,118,4.3106
THR 119,119,-20.0799
HID 120,120,15.5414
ASN 121,121,-55.5066
PRO 122,122,27.6813
PRO 123,123,15.4248
ILE 124,124,23.0068
PRO 125,125,18.1184
VAL 126,126,-10.7333
GLY 127,127,-6.4403
GLU 128,128,-58.9308
ILE 129,129,8.0106
TYR 130,130,-9.7697
LYS 131,131,-2.7996
ARG 132,132,-173.3976
TRP 133,133,11.7970
ILE 134,134,6.1175
ILE 135,135,8.6297
LEU 136,136,-13.4631
GLY 137,137,-4.4458
LEU 138,138,-14.8063
ASN 139,139,-65.4967
LYS 140,140,-2.6175
ILE 141,141,4.7042
VAL 142,142,-5.5808
ARG 143,143,-162.5917
MET 144,144,4.3119
TYR 145,145,-7.7073
SER 146,146,13.3922
PRO 147,147,16.5292
THR 148,148,-15.4440
SER 149,149,2.9947
ILE 150,150,24.9542
LEU   1,1,-5.7567
ASP   2,2,-65.4502
ILE   3,3,20.0676
ARG   4,4,-164.9867
GLN   5,5,-66.1183
GLY   6,6,8.0136
PRO   7,7,24.6928
LYS   8,8,-9.3820
GLU   9,9,-47.9639
PRO  10,10,14.7236
PHE  11,11,16.3342
ARG  12,12,-174.2733
ASP  13,13,-69.1206
TYR  14,14,-13.3349
VAL  15,15,-12.7688
ASP  16,16,-57.1103
ARG  17,17,-177.7369
PHE  18,18,1.0062
TYR  19,19,-3.3829
LYS  20,20,-9.2683
THR  21,21,-20.6146
LEU  22,22,-6.5927
ARG  23,23,-161.9173
ALA  24,24,1.2727
GLU  25,25,-63.1167
GLN  26,26,-51.4226
ALA  27,27,5.7591
SER  28,28,-1.6572
GLN  29,29,-54.6176
GLU  30,30,-58.3294
VAL  31,31,-3.0955
LYS  32,32,-6.2875
ASN  33,33,-73.8844
TRP  34,34,18.8505
MET  35,35,5.7609
THR  36,36,-21.4601
GLU  37,37,-61.1027
THR  38,38,-15.3542
LEU  39,39,-7.8941
LEU  40,40,-13.0493
VAL  41,41,-9.9843
GLN  42,42,-55.9228
ASN  43,43,-72.2429
ALA  44,44,3.6963
ASN  45,45,-60.2266
PRO  46,46,13.2674
ASP  47,47,-66.7860
CYX  48,48,11.8547
LYS  49,49,-10.0093
THR  50,50,-20.7217
ILE  51,51,12.7389
LEU  52,52,-4.8683
LYS  53,53,-3.5422
ALA  54,54,4.0722
LEU  55,55,-9.9489
GLY  56,56,7.5868
PRO  57,57,18.0769
GLY  58,58,-2.8319
ALA  59,59,4.6033
THR  60,60,-16.0008
LEU  61,61,-11.0508
GLU  62,62,-63.2157
GLU  63,63,-58.0278
MET  64,64,5.5830
MET  65,65,4.2144
THR  66,66,-18.8840
ALA  67,67,5.8722
CYX  68,68,7.4612
GLN  69,69,-50.0181
GLY  70,70,4.1693
VAL  71,71,-96.8270
PRO   1,1,-0.0353
ILE   2,2,-0.0012
VAL   3,3,-0.0001
GLN   4,4,-0.0014
ASN   5,5,0.0001
LEU   6,6,0.0003
GLN   7,7,0.0004
GLY   8,8,0.0004
GLN   9,9,-0.0005
MET  10,10,0.0003
VAL  11,11,-0.0007
HID  12,12,0.0002
GLN  13,13,-0.0009
ALA  14,14,-0.0000
ILE  15,15,0.0010
SER  16,16,-0.0036
PRO  17,17,-0.0028
ARG  18,18,-0.0313
THR  19,19,-0.0056
LEU  20,20,-0.0050
ASN  21,21,-0.0067
ALA  22,22,-0.0117
TRP  23,23,-0.0201
VAL  24,24,-0.0063
LYS  25,25,-0.0285
VAL  26,26,-0.0404
VAL  27,27,-0.0224
GLU  28,28,-0.0020
GLU  29,29,1.4748
LYS  30,30,2.4247
ALA  31,31,-0.0957
PHE  32,32,-0.0107
SER  33,33,-0.1591
PRO  34,34,-1.5782
GLU  35,35,3.4754
VAL  36,36,-0.0805
ILE  37,37,-0.0520
PRO  38,38,-0.0509
MET  39,39,-0.0655
PHE  40,40,-0.0097
SER  41,41,0.0022
ALA  42,42,0.0046
LEU  43,43,-0.0003
SER  44,44,0.0019
GLU  45,45,0.0129
GLY  46,46,0.0012
ALA  47,47,-0.0009
THR  48,48,-0.0014
PRO  49,49,-0.0014
GLN  50,50,-0.0018
ASP  51,51,0.0356
LEU  52,52,0.0019
ASN  53,53,-0.0013
THR  54,54,-0.0011
MET  55,55,-0.0022
LEU  56,56,-0.0007
ASN  57,57,-0.0002
THR  58,58,-0.0024
VAL  59,59,-0.0024
ALA  60,60,0.0012
PRO  61,61,0.0002
HID  62,62,-0.0069
GLN  63,63,-0.0078
ALA  64,64,-0.0003
ALA  65,65,0.0007
ALA  66,66,-0.0009
GLN  67,67,-0.0029
MET  68,68,-0.0019
LEU  69,69,-0.0012
LYS  70,70,-0.0430
GLU  71,71,0.0709
THR  72,72,0.0011
ILE  73,73,0.0010
ASN  74,74,-0.0014
GLU  75,75,0.0843
GLU  76,76,0.0750
ALA  77,77,0.0005
ALA  78,78,-0.0002
GLU  79,79,0.0780
TRP  80,80,-0.0004
ASP  81,81,0.0666
ARG  82,82,-0.0764
LEU  83,83,-0.0006
HID  84,84,0.0002
PRO  85,85,-0.0009
VAL  86,86,0.0001
HID  87,87,0.0011
ALA  88,88,0.0000
GLY  89,89,0.0006
PRO  90,90,-0.0000
ILE  91,91,-0.0012
ALA  92,92,0.0008
PRO  93,93,0.0003
GLY  94,94,-0.0001
GLN  95,95,0.0009
MET  96,96,-0.0001
ARG  97,97,-0.0559
GLU  98,98,0.0594
PRO  99,99,0.0006
ARG 100,100,-0.0599
GLY 101,101,-0.0018
SER 102,102,-0.0008
ASP 103,103,0.0501
ILE 104,104,-0.0015
ALA 105,105,-0.0023
GLY 106,106,-0.0012
THR 107,107,0.0000
THR 108,108,0.0010
SER 109,109,-0.0024
THR 110,110,0.0005
LEU 111,111,0.0007
GLN 112,112,-0.0001
GLU 113,113,0.0569
GLN 114,114,0.0000
ILE 115,115,-0.0002
GLY 116,116,0.0001
TRP 117,117,-0.0004
MET 118,118,-0.0007
THR 119,119,-0.0001
HID 120,120,-0.0003
ASN 121,121,-0.0001
PRO 122,122,0.0006
PRO 123,123,0.0001
ILE 124,124,-0.0004
PRO 125,125,-0.0006
VAL 126,126,-0.0005
GLY 127,127,0.0007
GLU 128,128,0.0209
ILE 129,129,-0.0006
TYR 130,130,0.0015
LYS 131,131,-0.0149
ARG 132,132,-0.0693
TRP 133,133,0.0012
ILE 134,134,0.0012
ILE 135,135,-0.0003
LEU 136,136,0.0021
GLY 137,137,0.0046
LEU 138,138,-0.0012
ASN 139,139,0.0086
LYS 140,140,-0.0993
ILE 141,141,-0.0025
VAL 142,142,-0.0778
ARG 143,143,-0.2581
MET 144,144,0.0017
TYR 145,145,-0.0250
SER 146,146,-0.1767
PRO 147,147,-1.0100
THR 148,148,1.1030
SER 149,149,-1.6595
ILE 150,150,-10.2039
LEU 151,151,-5.7011
ASP 152,152,0.2833
ILE 153,153,-2.4941
ARG 154,154,-0.1952
GLN 155,155,-0.0233
GLY 156,156,-0.0017
PRO 157,157,-0.0058
LYS 158,158,-0.0797
GLU 159,159,0.1746
PRO 160,160,0.0091
PHE 161,161,0.0040
ARG 162,162,-0.0325
ASP 163,163,0.0905
TYR 164,164,0.0204
VAL 165,165,-0.0194
ASP 166,166,0.0537
ARG 167,167,-0.4060
PHE 168,168,-1.0085
TYR 169,169,-0.1321
LYS 170,170,-1.4000
THR 171,171,-1.3930
LEU 172,172,-0.9480
ARG 173,173,-7.9541
ALA 174,174,-0.8469
GLU 175,175,0.9473
GLN 176,176,-0.6155
ALA 177,177,-0.0498
SER 178,178,-0.0509
GLN 179,179,-0.0212
GLU 180,180,0.0728
VAL 181,181,-0.0743
LYS 182,182,-0.1806
ASN 183,183,-0.0200
TRP 184,184,-0.0333
MET 185,185,-0.4956
THR 186,186,-0.0197
GLU 187,187,0.0479
THR 188,188,-0.0353
LEU 189,189,-0.7584
LEU 190,190,0.0067
VAL 191,191,0.0113
GLN 192,192,-0.0405
ASN 193,193,-0.6887
ALA 194,194,-0.0089
ASN 195,195,-0.0070
PRO 196,196,-0.0030
ASP 197,197,0.0532
CYX 198,198,-0.0070
LYS 199,199,-0.0653
THR 200,200,-0.0027
ILE 201,201,-0.0023
LEU 202,202,-0.0007
LYS 203,203,-0.0378
ALA 204,204,-0.0014
LEU 205,205,-0.0018
GLY 206,206,0.0013
PRO 207,207,-0.0005
GLY 208,208,-0.0011
ALA 209,209,0.0003
THR 210,210,0.0001
LEU 211,211,-0.0008
GLU 212,212,0.0071
GLU 213,213,0.0359
MET 214,214,-0.0026
MET 215,215,-0.0038
THR 216,216,-0.0038
ALA 217,217,-0.0023
CYX 218,218,0.0020
GLN 219,219,0.0001
GLY 220,220,-0.0001
VAL 221,221,0.0594
