Residue Name,Residue Number,Binding Free Energy (kcal/mol)
PRO   1,1,-3.2037
ILE   2,2,13.4227
VAL   3,3,-7.4990
GLN   4,4,-52.6000
ASN   5,5,-67.1657
LEU   6,6,-5.2537
GLN   7,7,-52.6911
GLY   8,8,-1.7300
GLN   9,9,-52.8445
MET  10,10,10.3666
VAL  11,11,-9.9830
HID  12,12,14.8598
GLN  13,13,-55.6029
ALA  14,14,8.1044
ILE  15,15,10.5767
SER  16,16,7.3602
PRO  17,17,23.0402
ARG  18,18,-163.0251
THR  19,19,-21.1532
LEU  20,20,-12.3036
ASN  21,21,-70.7994
ALA  22,22,5.6402
TRP  23,23,16.3601
VAL  24,24,-3.9189
LYS  25,25,-3.1531
VAL  26,26,-12.5459
VAL  27,27,-13.9875
GLU  28,28,-62.1577
GLU  29,29,-56.4504
LYS  30,30,-9.4968
ALA  31,31,1.2062
PHE  32,32,14.4171
SER  33,33,8.0317
PRO  34,34,11.2342
GLU  35,35,-57.9257
VAL  36,36,-11.4261
ILE  37,37,20.6634
PRO  38,38,15.7754
MET  39,39,8.9413
PHE  40,40,4.9961
SER  41,41,-0.5554
ALA  42,42,9.0558
LEU  43,43,-10.2970
SER  44,44,-8.2168
GLU  45,45,-59.1500
GLY  46,46,-3.7329
ALA  47,47,5.2219
THR  48,48,-8.5300
PRO  49,49,11.2469
GLN  50,50,-57.9648
ASP  51,51,-60.4760
LEU  52,52,-15.7045
ASN  53,53,-75.3255
THR  54,54,-21.0053
MET  55,55,4.7824
LEU  56,56,-12.7220
ASN  57,57,-71.7043
THR  58,58,-15.0180
VAL  59,59,-9.3647
ALA  60,60,19.5783
PRO  61,61,16.1933
HID  62,62,16.0777
GLN  63,63,-51.3664
ALA  64,64,7.3087
ALA  65,65,6.0512
ALA  66,66,4.4203
GLN  67,67,-53.9153
MET  68,68,5.9224
LEU  69,69,-7.9932
LYS  70,70,-8.1663
GLU  71,71,-66.8476
THR  72,72,-19.7207
ILE  73,73,8.9097
ASN  74,74,-73.3299
GLU  75,75,-60.7677
GLU  76,76,-58.2592
ALA  77,77,3.5077
ALA  78,78,4.0366
GLU  79,79,-57.8673
TRP  80,80,11.1764
ASP  81,81,-51.0929
ARG  82,82,-171.3476
LEU  83,83,-14.3617
HID  84,84,22.9482
PRO  85,85,19.3619
VAL  86,86,-5.4549
HID  87,87,17.2813
ALA  88,88,8.5990
GLY  89,89,9.5484
PRO  90,90,18.7033
ILE  91,91,13.8641
ALA  92,92,18.4595
PRO  93,93,18.5493
GLY  94,94,-1.8011
GLN  95,95,-50.5258
MET  96,96,14.6010
ARG  97,97,-184.5639
GLU  98,98,-51.8579
PRO  99,99,18.3098
ARG 100,100,-174.0009
GLY 101,101,-10.0444
SER 102,102,-5.5632
ASP 103,103,-55.0023
ILE 104,104,8.2162
ALA 105,105,2.0400
GLY 106,106,-4.1935
THR 107,107,-16.2761
THR 108,108,-20.6865
SER 109,109,-2.9278
THR 110,110,-13.6937
LEU 111,111,-9.8269
GLN 112,112,-55.8580
GLU 113,113,-56.1745
GLN 114,114,-56.4496
ILE 115,115,5.2896
GLY 116,116,-3.7356
TRP 117,117,13.3396
MET 118,118,3.7055
THR 119,119,-20.4097
HID 120,120,13.9638
ASN 121,121,-54.3079
PRO 122,122,27.6829
PRO 123,123,16.0346
ILE 124,124,22.4761
PRO 125,125,18.2604
VAL 126,126,-10.0096
GLY 127,127,-6.5776
GLU 128,128,-57.1925
ILE 129,129,8.0117
TYR 130,130,-9.6133
LYS 131,131,-3.0958
ARG 132,132,-170.2106
TRP 133,133,11.2928
ILE 134,134,6.8868
ILE 135,135,8.6229
LEU 136,136,-12.5117
GLY 137,137,-4.1458
LEU 138,138,-13.9615
ASN 139,139,-65.3781
LYS 140,140,-2.4009
ILE 141,141,4.8882
VAL 142,142,-6.0517
ARG 143,143,-169.8493
MET 144,144,4.2535
TYR 145,145,-11.7762
SER 146,146,11.5346
PRO 147,147,15.2234
THR 148,148,-13.9672
SER 149,149,-0.5822
ILE 150,150,14.3371
LEU 151,151,-9.5386
ASP 152,152,-65.6371
ILE 153,153,17.8848
ARG 154,154,-165.8155
GLN 155,155,-66.6208
GLY 156,156,8.2481
PRO 157,157,23.6363
LYS 158,158,-3.4136
GLU 159,159,-45.9630
PRO 160,160,15.9698
PHE 161,161,15.4177
ARG 162,162,-170.7110
ASP 163,163,-68.2900
TYR 164,164,-13.8511
VAL 165,165,-13.5403
ASP 166,166,-57.5270
ARG 167,167,-180.8633
PHE 168,168,1.2047
TYR 169,169,-2.7811
LYS 170,170,-10.2703
THR 171,171,-22.9329
LEU 172,172,-7.0358
ARG 173,173,-167.4991
ALA 174,174,-1.7503
GLU 175,175,-55.8076
GLN 176,176,-53.4948
ALA 177,177,6.3977
SER 178,178,0.7118
GLN 179,179,-54.7128
GLU 180,180,-58.3666
VAL 181,181,-3.4793
LYS 182,182,-6.6287
ASN 183,183,-73.6660
TRP 184,184,18.8116
MET 185,185,4.0176
THR 186,186,-18.7888
GLU 187,187,-55.3948
THR 188,188,-13.1071
LEU 189,189,-8.4176
LEU 190,190,-13.0703
VAL 191,191,-9.7991
GLN 192,192,-54.9080
ASN 193,193,-72.8010
ALA 194,194,3.1402
ASN 195,195,-58.9604
PRO 196,196,12.6476
ASP 197,197,-65.8181
CYX 198,198,11.4887
LYS 199,199,-6.9175
THR 200,200,-20.8123
ILE 201,201,12.3464
LEU 202,202,-4.8227
LYS 203,203,-3.7643
ALA 204,204,4.3544
LEU 205,205,-10.2458
GLY 206,206,9.0673
PRO 207,207,18.0446
GLY 208,208,-2.8927
ALA 209,209,5.6583
THR 210,210,-15.6034
LEU 211,211,-10.8688
GLU 212,212,-65.1203
GLU 213,213,-57.4066
MET 214,214,5.7968
MET 215,215,4.3432
THR 216,216,-19.6909
ALA 217,217,6.0978
CYX 218,218,5.1334
GLN 219,219,-49.9729
GLY 220,220,5.6523
VAL 221,221,-97.2144
PRO   1,1,-3.1261
ILE   2,2,13.4224
VAL   3,3,-7.4989
GLN   4,4,-52.5993
ASN   5,5,-67.1660
LEU   6,6,-5.2540
GLN   7,7,-52.6910
GLY   8,8,-1.7302
GLN   9,9,-52.8446
MET  10,10,10.3670
VAL  11,11,-9.9834
HID  12,12,14.8619
GLN  13,13,-55.6034
ALA  14,14,8.1040
ILE  15,15,10.5783
SER  16,16,7.3614
PRO  17,17,23.0412
ARG  18,18,-162.9615
THR  19,19,-21.1512
LEU  20,20,-12.3006
ASN  21,21,-70.7948
ALA  22,22,5.6460
TRP  23,23,16.3761
VAL  24,24,-3.9102
LYS  25,25,-3.1040
VAL  26,26,-12.5050
VAL  27,27,-13.9425
GLU  28,28,-62.0243
GLU  29,29,-56.3371
LYS  30,30,-9.4615
ALA  31,31,2.8559
PHE  32,32,14.5776
SER  33,33,9.2661
PRO  34,34,13.9210
GLU  35,35,-58.0661
VAL  36,36,-11.3219
ILE  37,37,20.7859
PRO  38,38,15.8586
MET  39,39,8.9757
PHE  40,40,5.0136
SER  41,41,-0.5420
ALA  42,42,9.0598
LEU  43,43,-10.2923
SER  44,44,-8.2162
GLU  45,45,-59.2418
GLY  46,46,-3.7323
ALA  47,47,5.2213
THR  48,48,-8.5286
PRO  49,49,11.2482
GLN  50,50,-57.9631
ASP  51,51,-60.5464
LEU  52,52,-15.7013
ASN  53,53,-75.3235
THR  54,54,-21.0021
MET  55,55,4.7870
LEU  56,56,-12.7164
ASN  57,57,-71.7019
THR  58,58,-15.0145
VAL  59,59,-9.3571
ALA  60,60,19.5813
PRO  61,61,16.1977
HID  62,62,16.0771
GLN  63,63,-51.3664
ALA  64,64,7.3068
ALA  65,65,6.0493
ALA  66,66,4.4192
GLN  67,67,-53.9136
MET  68,68,5.9260
LEU  69,69,-7.9920
LYS  70,70,-8.1197
GLU  71,71,-66.8931
THR  72,72,-19.7210
ILE  73,73,8.9100
ASN  74,74,-73.3287
GLU  75,75,-60.8419
GLU  76,76,-58.3648
ALA  77,77,3.5078
ALA  78,78,4.0373
GLU  79,79,-57.9523
TRP  80,80,11.1756
ASP  81,81,-51.1513
ARG  82,82,-171.2664
LEU  83,83,-14.3605
HID  84,84,22.9489
PRO  85,85,19.3615
VAL  86,86,-5.4555
HID  87,87,17.2814
ALA  88,88,8.5992
GLY  89,89,9.5484
PRO  90,90,18.7023
ILE  91,91,13.8648
ALA  92,92,18.4601
PRO  93,93,18.5486
GLY  94,94,-1.8004
GLN  95,95,-50.5256
MET  96,96,14.6014
ARG  97,97,-184.5026
GLU  98,98,-51.9247
PRO  99,99,18.3100
ARG 100,100,-173.9474
GLY 101,101,-10.0454
SER 102,102,-5.5635
ASP 103,103,-55.0617
ILE 104,104,8.2160
ALA 105,105,2.0408
GLY 106,106,-4.1930
THR 107,107,-16.2754
THR 108,108,-20.6858
SER 109,109,-2.9272
THR 110,110,-13.6945
LEU 111,111,-9.8276
GLN 112,112,-55.8599
GLU 113,113,-56.2412
GLN 114,114,-56.4507
ILE 115,115,5.2900
GLY 116,116,-3.7356
TRP 117,117,13.3398
MET 118,118,3.7053
THR 119,119,-20.4088
HID 120,120,13.9641
ASN 121,121,-54.3077
PRO 122,122,27.6837
PRO 123,123,16.0346
ILE 124,124,22.4766
PRO 125,125,18.2603
VAL 126,126,-10.0102
GLY 127,127,-6.5784
GLU 128,128,-57.2913
ILE 129,129,8.0090
TYR 130,130,-9.6143
LYS 131,131,-2.9979
ARG 132,132,-170.0788
TRP 133,133,11.2920
ILE 134,134,6.8880
ILE 135,135,8.6228
LEU 136,136,-12.5148
GLY 137,137,-4.1465
LEU 138,138,-13.9468
ASN 139,139,-65.4161
LYS 140,140,-2.2687
ILE 141,141,4.9822
VAL 142,142,-5.2323
ARG 143,143,-163.9061
MET 144,144,4.4229
TYR 145,145,-7.9197
SER 146,146,11.5188
PRO 147,147,15.7236
THR 148,148,-14.1367
SER 149,149,4.3582
ILE 150,150,24.1997
LEU   1,1,-3.7061
ASP   2,2,-64.5730
ILE   3,3,20.5154
ARG   4,4,-165.5556
GLN   5,5,-66.6016
GLY   6,6,8.2527
PRO   7,7,23.6422
LYS   8,8,-3.3656
GLU   9,9,-45.9257
PRO  10,10,15.9757
PHE  11,11,15.4241
ARG  12,12,-170.6651
ASP  13,13,-68.2773
TYR  14,14,-13.8051
VAL  15,15,-13.4987
ASP  16,16,-57.4122
ARG  17,17,-181.0121
PHE  18,18,2.0030
TYR  19,19,-2.4882
LYS  20,20,-7.7592
THR  21,21,-19.9684
LEU  22,22,-6.2004
ARG  23,23,-162.2476
ALA  24,24,-0.1049
GLU  25,25,-59.6848
GLN  26,26,-52.0143
ALA  27,27,6.5497
SER  28,28,0.8072
GLN  29,29,-54.6789
GLU  30,30,-58.4095
VAL  31,31,-3.3796
LYS  32,32,-6.4073
ASN  33,33,-73.6526
TRP  34,34,18.8827
MET  35,35,4.6352
THR  36,36,-18.7496
GLU  37,37,-55.4208
THR  38,38,-13.0785
LEU  39,39,-7.8194
LEU  40,40,-13.0432
VAL  41,41,-9.7985
GLN  42,42,-54.8437
ASN  43,43,-72.4968
ALA  44,44,3.1466
ASN  45,45,-58.9603
PRO  46,46,12.6491
ASP  47,47,-65.8543
CYX  48,48,11.4919
LYS  49,49,-6.8655
THR  50,50,-20.8108
ILE  51,51,12.3489
LEU  52,52,-4.8180
LYS  53,53,-3.7328
ALA  54,54,4.3559
LEU  55,55,-10.2429
GLY  56,56,9.0656
PRO  57,57,18.0441
GLY  58,58,-2.8928
ALA  59,59,5.6577
THR  60,60,-15.6021
LEU  61,61,-10.8601
GLU  62,62,-65.1464
GLU  63,63,-57.4278
MET  64,64,5.7989
MET  65,65,4.3484
THR  66,66,-19.6871
ALA  67,67,6.1006
CYX  68,68,5.1364
GLN  69,69,-49.9706
GLY  70,70,5.6541
VAL  71,71,-97.2341
PRO   1,1,-0.0777
ILE   2,2,0.0004
VAL   3,3,-0.0001
GLN   4,4,-0.0007
ASN   5,5,0.0003
LEU   6,6,0.0003
GLN   7,7,-0.0002
GLY   8,8,0.0002
GLN   9,9,0.0001
MET  10,10,-0.0004
VAL  11,11,0.0004
HID  12,12,-0.0021
GLN  13,13,0.0005
ALA  14,14,0.0005
ILE  15,15,-0.0016
SER  16,16,-0.0013
PRO  17,17,-0.0009
ARG  18,18,-0.0636
THR  19,19,-0.0020
LEU  20,20,-0.0030
ASN  21,21,-0.0046
ALA  22,22,-0.0058
TRP  23,23,-0.0160
VAL  24,24,-0.0087
LYS  25,25,-0.0492
VAL  26,26,-0.0409
VAL  27,27,-0.0450
GLU  28,28,-0.1334
GLU  29,29,-0.1132
LYS  30,30,-0.0353
ALA  31,31,-1.6497
PHE  32,32,-0.1605
SER  33,33,-1.2344
PRO  34,34,-2.6868
GLU  35,35,0.1404
VAL  36,36,-0.1041
ILE  37,37,-0.1224
PRO  38,38,-0.0832
MET  39,39,-0.0344
PHE  40,40,-0.0175
SER  41,41,-0.0134
ALA  42,42,-0.0040
LEU  43,43,-0.0047
SER  44,44,-0.0006
GLU  45,45,0.0918
GLY  46,46,-0.0007
ALA  47,47,0.0006
THR  48,48,-0.0014
PRO  49,49,-0.0013
GLN  50,50,-0.0016
ASP  51,51,0.0704
LEU  52,52,-0.0032
ASN  53,53,-0.0020
THR  54,54,-0.0032
MET  55,55,-0.0046
LEU  56,56,-0.0057
ASN  57,57,-0.0024
THR  58,58,-0.0036
VAL  59,59,-0.0076
ALA  60,60,-0.0029
PRO  61,61,-0.0045
HID  62,62,0.0006
GLN  63,63,0.0000
ALA  64,64,0.0019
ALA  65,65,0.0019
ALA  66,66,0.0011
GLN  67,67,-0.0018
MET  68,68,-0.0037
LEU  69,69,-0.0012
LYS  70,70,-0.0466
GLU  71,71,0.0454
THR  72,72,0.0004
ILE  73,73,-0.0004
ASN  74,74,-0.0012
GLU  75,75,0.0743
GLU  76,76,0.1056
ALA  77,77,-0.0001
ALA  78,78,-0.0007
GLU  79,79,0.0851
TRP  80,80,0.0008
ASP  81,81,0.0585
ARG  82,82,-0.0812
LEU  83,83,-0.0012
HID  84,84,-0.0007
PRO  85,85,0.0003
VAL  86,86,0.0006
HID  87,87,-0.0002
ALA  88,88,-0.0002
GLY  89,89,-0.0001
PRO  90,90,0.0010
ILE  91,91,-0.0007
ALA  92,92,-0.0006
PRO  93,93,0.0007
GLY  94,94,-0.0007
GLN  95,95,-0.0002
MET  96,96,-0.0004
ARG  97,97,-0.0613
GLU  98,98,0.0668
PRO  99,99,-0.0002
ARG 100,100,-0.0535
GLY 101,101,0.0009
SER 102,102,0.0003
ASP 103,103,0.0593
ILE 104,104,0.0002
ALA 105,105,-0.0008
GLY 106,106,-0.0006
THR 107,107,-0.0008
THR 108,108,-0.0007
SER 109,109,-0.0006
THR 110,110,0.0009
LEU 111,111,0.0007
GLN 112,112,0.0018
GLU 113,113,0.0667
GLN 114,114,0.0010
ILE 115,115,-0.0005
GLY 116,116,-0.0000
TRP 117,117,-0.0003
MET 118,118,0.0002
THR 119,119,-0.0009
HID 120,120,-0.0003
ASN 121,121,-0.0002
PRO 122,122,-0.0008
PRO 123,123,-0.0001
ILE 124,124,-0.0004
PRO 125,125,0.0001
VAL 126,126,0.0006
GLY 127,127,0.0008
GLU 128,128,0.0987
ILE 129,129,0.0027
TYR 130,130,0.0010
LYS 131,131,-0.0979
ARG 132,132,-0.1319
TRP 133,133,0.0008
ILE 134,134,-0.0012
ILE 135,135,0.0002
LEU 136,136,0.0032
GLY 137,137,0.0007
LEU 138,138,-0.0147
ASN 139,139,0.0380
LYS 140,140,-0.1322
ILE 141,141,-0.0941
VAL 142,142,-0.8194
ARG 143,143,-5.9432
MET 144,144,-0.1694
TYR 145,145,-3.8565
SER 146,146,0.0158
PRO 147,147,-0.5001
THR 148,148,0.1695
SER 149,149,-4.9403
ILE 150,150,-9.8627
LEU 151,151,-5.8326
ASP 152,152,-1.0641
ILE 153,153,-2.6306
ARG 154,154,-0.2599
GLN 155,155,-0.0192
GLY 156,156,-0.0045
PRO 157,157,-0.0059
LYS 158,158,-0.0480
GLU 159,159,-0.0373
PRO 160,160,-0.0059
PHE 161,161,-0.0065
ARG 162,162,-0.0459
ASP 163,163,-0.0127
TYR 164,164,-0.0460
VAL 165,165,-0.0416
ASP 166,166,-0.1148
ARG 167,167,0.1488
PHE 168,168,-0.7983
TYR 169,169,-0.2928
LYS 170,170,-2.5112
THR 171,171,-2.9645
LEU 172,172,-0.8354
ARG 173,173,-5.2515
ALA 174,174,-1.6453
GLU 175,175,3.8772
GLN 176,176,-1.4805
ALA 177,177,-0.1520
SER 178,178,-0.0954
GLN 179,179,-0.0340
GLU 180,180,0.0430
VAL 181,181,-0.0997
LYS 182,182,-0.2214
ASN 183,183,-0.0134
TRP 184,184,-0.0711
MET 185,185,-0.6176
THR 186,186,-0.0392
GLU 187,187,0.0259
THR 188,188,-0.0287
LEU 189,189,-0.5982
LEU 190,190,-0.0271
VAL 191,191,-0.0006
GLN 192,192,-0.0643
ASN 193,193,-0.3042
ALA 194,194,-0.0063
ASN 195,195,-0.0001
PRO 196,196,-0.0014
ASP 197,197,0.0361
CYX 198,198,-0.0032
LYS 199,199,-0.0520
THR 200,200,-0.0015
ILE 201,201,-0.0025
LEU 202,202,-0.0047
LYS 203,203,-0.0315
ALA 204,204,-0.0015
LEU 205,205,-0.0028
GLY 206,206,0.0018
PRO 207,207,0.0006
GLY 208,208,0.0000
ALA 209,209,0.0006
THR 210,210,-0.0013
LEU 211,211,-0.0087
GLU 212,212,0.0262
GLU 213,213,0.0212
MET 214,214,-0.0021
MET 215,215,-0.0053
THR 216,216,-0.0038
ALA 217,217,-0.0028
CYX 218,218,-0.0030
GLN 219,219,-0.0023
GLY 220,220,-0.0018
VAL 221,221,0.0198
