Residue Name,Residue Number,Binding Free Energy (kcal/mol)
PRO   1,1,-4.8263
ILE   2,2,13.9073
VAL   3,3,-8.8744
GLN   4,4,-53.2431
ASN   5,5,-67.5576
LEU   6,6,-5.3274
GLN   7,7,-52.9861
GLY   8,8,-2.2050
GLN   9,9,-53.1865
MET  10,10,8.6714
VAL  11,11,-10.1410
HID  12,12,15.7842
GLN  13,13,-54.4552
ALA  14,14,7.7235
ILE  15,15,10.2428
SER  16,16,7.4357
PRO  17,17,22.7572
ARG  18,18,-162.8079
THR  19,19,-21.3679
LEU  20,20,-12.8060
ASN  21,21,-71.5380
ALA  22,22,5.8128
TRP  23,23,18.3052
VAL  24,24,-3.2683
LYS  25,25,-3.5837
VAL  26,26,-13.5971
VAL  27,27,-14.2868
GLU  28,28,-62.5463
GLU  29,29,-53.9991
LYS  30,30,-5.5921
ALA  31,31,3.7184
PHE  32,32,13.8948
SER  33,33,11.2450
PRO  34,34,12.5725
GLU  35,35,-53.5699
VAL  36,36,-11.1279
ILE  37,37,20.2365
PRO  38,38,15.5270
MET  39,39,7.4373
PHE  40,40,4.9316
SER  41,41,0.8061
ALA  42,42,8.6623
LEU  43,43,-11.4594
SER  44,44,-8.7660
GLU  45,45,-59.4970
GLY  46,46,-3.7112
ALA  47,47,4.6737
THR  48,48,-9.1046
PRO  49,49,10.5988
GLN  50,50,-58.5575
ASP  51,51,-59.1748
LEU  52,52,-16.2339
ASN  53,53,-75.4090
THR  54,54,-20.8468
MET  55,55,5.0224
LEU  56,56,-11.3852
ASN  57,57,-71.3141
THR  58,58,-14.9407
VAL  59,59,-9.4354
ALA  60,60,18.9379
PRO  61,61,16.3544
HID  62,62,18.2016
GLN  63,63,-49.0552
ALA  64,64,8.6228
ALA  65,65,6.5543
ALA  66,66,5.8222
GLN  67,67,-52.1690
MET  68,68,5.9050
LEU  69,69,-6.1037
LYS  70,70,-6.9598
GLU  71,71,-65.2177
THR  72,72,-19.1506
ILE  73,73,8.8772
ASN  74,74,-73.3890
GLU  75,75,-60.7935
GLU  76,76,-60.4508
ALA  77,77,3.8400
ALA  78,78,3.9662
GLU  79,79,-59.3842
TRP  80,80,10.1919
ASP  81,81,-45.9865
ARG  82,82,-169.8567
LEU  83,83,-13.9107
HID  84,84,25.1872
PRO  85,85,19.8190
VAL  86,86,-6.9896
HID  87,87,14.9191
ALA  88,88,8.7057
GLY  89,89,8.9498
PRO  90,90,15.9411
ILE  91,91,9.1086
ALA  92,92,17.9024
PRO  93,93,18.4340
GLY  94,94,-1.9505
GLN  95,95,-53.2154
MET  96,96,15.9128
ARG  97,97,-186.0055
GLU  98,98,-42.5906
PRO  99,99,17.8803
ARG 100,100,-182.2436
GLY 101,101,-9.6498
SER 102,102,-5.6600
ASP 103,103,-51.7668
ILE 104,104,7.1741
ALA 105,105,2.2779
GLY 106,106,-4.6184
THR 107,107,-16.7788
THR 108,108,-21.3921
SER 109,109,-3.4113
THR 110,110,-17.4947
LEU 111,111,-9.6763
GLN 112,112,-56.7995
GLU 113,113,-52.8743
GLN 114,114,-55.1038
ILE 115,115,6.2375
GLY 116,116,-4.5074
TRP 117,117,12.6500
MET 118,118,6.2316
THR 119,119,-18.0652
HID 120,120,15.4221
ASN 121,121,-55.3360
PRO 122,122,26.9242
PRO 123,123,15.1541
ILE 124,124,23.3111
PRO 125,125,17.4988
VAL 126,126,-10.3717
GLY 127,127,-6.4393
GLU 128,128,-57.5525
ILE 129,129,7.5298
TYR 130,130,-9.4514
LYS 131,131,-4.7311
ARG 132,132,-167.1033
TRP 133,133,11.1377
ILE 134,134,6.4787
ILE 135,135,8.9660
LEU 136,136,-11.7883
GLY 137,137,-4.0820
LEU 138,138,-14.2151
ASN 139,139,-64.5450
LYS 140,140,-3.1583
ILE 141,141,5.4805
VAL 142,142,-4.5357
ARG 143,143,-163.0786
MET 144,144,2.9978
TYR 145,145,-9.8305
SER 146,146,12.5465
PRO 147,147,15.4525
THR 148,148,-15.2213
SER 149,149,0.4845
ILE 150,150,14.5556
LEU 151,151,-11.3791
ASP 152,152,-64.4393
ILE 153,153,18.4307
ARG 154,154,-166.2972
GLN 155,155,-66.9164
GLY 156,156,8.4340
PRO 157,157,24.1896
LYS 158,158,-3.3676
GLU 159,159,-47.1177
PRO 160,160,14.7409
PHE 161,161,15.8537
ARG 162,162,-178.8890
ASP 163,163,-70.3299
TYR 164,164,-14.4937
VAL 165,165,-13.4761
ASP 166,166,-59.3113
ARG 167,167,-179.7778
PHE 168,168,0.7014
TYR 169,169,-4.1529
LYS 170,170,-9.2142
THR 171,171,-21.2982
LEU 172,172,-7.1462
ARG 173,173,-172.9417
ALA 174,174,-0.2887
GLU 175,175,-60.4149
GLN 176,176,-53.2695
ALA 177,177,5.5968
SER 178,178,-0.6964
GLN 179,179,-54.1851
GLU 180,180,-59.7501
VAL 181,181,-3.3416
LYS 182,182,-3.9793
ASN 183,183,-75.0720
TRP 184,184,18.4121
MET 185,185,4.1181
THR 186,186,-19.8231
GLU 187,187,-59.7044
THR 188,188,-14.4492
LEU 189,189,-7.4667
LEU 190,190,-14.9290
VAL 191,191,-10.7707
GLN 192,192,-56.1348
ASN 193,193,-74.3688
ALA 194,194,4.1198
ASN 195,195,-61.2950
PRO 196,196,12.9558
ASP 197,197,-67.0881
CYX 198,198,11.2091
LYS 199,199,-7.6615
THR 200,200,-20.1462
ILE 201,201,12.8043
LEU 202,202,-8.3152
LYS 203,203,-3.9881
ALA 204,204,5.6706
LEU 205,205,-9.8067
GLY 206,206,8.1143
PRO 207,207,17.8346
GLY 208,208,-2.6360
ALA 209,209,5.5361
THR 210,210,-14.3252
LEU 211,211,-12.6163
GLU 212,212,-61.4751
GLU 213,213,-59.7025
MET 214,214,5.5706
MET 215,215,4.6139
THR 216,216,-19.5431
ALA 217,217,5.8257
CYX 218,218,4.7196
GLN 219,219,-54.7181
GLY 220,220,6.5890
VAL 221,221,-99.2596
PRO   1,1,-4.7739
ILE   2,2,13.9080
VAL   3,3,-8.8739
GLN   4,4,-53.2433
ASN   5,5,-67.5582
LEU   6,6,-5.3273
GLN   7,7,-52.9862
GLY   8,8,-2.2050
GLN   9,9,-53.1863
MET  10,10,8.6719
VAL  11,11,-10.1407
HID  12,12,15.7855
GLN  13,13,-54.4544
ALA  14,14,7.7238
ILE  15,15,10.2427
SER  16,16,7.4372
PRO  17,17,22.7588
ARG  18,18,-162.7433
THR  19,19,-21.3646
LEU  20,20,-12.8027
ASN  21,21,-71.5352
ALA  22,22,5.8203
TRP  23,23,18.3265
VAL  24,24,-3.2587
LYS  25,25,-3.4838
VAL  26,26,-13.5419
VAL  27,27,-14.2460
GLU  28,28,-62.5696
GLU  29,29,-54.4586
LYS  30,30,-6.1705
ALA  31,31,4.4560
PHE  32,32,14.0882
SER  33,33,11.3495
PRO  34,34,14.1943
GLU  35,35,-59.4512
VAL  36,36,-11.0813
ILE  37,37,20.3235
PRO  38,38,15.6494
MET  39,39,7.4960
PHE  40,40,4.9425
SER  41,41,0.8095
ALA  42,42,8.6629
LEU  43,43,-11.4551
SER  44,44,-8.7657
GLU  45,45,-59.5357
GLY  46,46,-3.7117
ALA  47,47,4.6741
THR  48,48,-9.1026
PRO  49,49,10.5998
GLN  50,50,-58.5557
ASP  51,51,-59.2289
LEU  52,52,-16.2361
ASN  53,53,-75.4077
THR  54,54,-20.8445
MET  55,55,5.0264
LEU  56,56,-11.3852
ASN  57,57,-71.3125
THR  58,58,-14.9365
VAL  59,59,-9.4338
ALA  60,60,18.9387
PRO  61,61,16.3557
HID  62,62,18.2150
GLN  63,63,-49.0504
ALA  64,64,8.6230
ALA  65,65,6.5577
ALA  66,66,5.8240
GLN  67,67,-52.1665
MET  68,68,5.9063
LEU  69,69,-6.0996
LYS  70,70,-6.9053
GLU  71,71,-65.2825
THR  72,72,-19.1500
ILE  73,73,8.8780
ASN  74,74,-73.3866
GLU  75,75,-60.8594
GLU  76,76,-60.5237
ALA  77,77,3.8410
ALA  78,78,3.9676
GLU  79,79,-59.4509
TRP  80,80,10.1914
ASP  81,81,-46.0332
ARG  82,82,-169.7967
LEU  83,83,-13.9107
HID  84,84,25.1867
PRO  85,85,19.8191
VAL  86,86,-6.9897
HID  87,87,14.9194
ALA  88,88,8.7060
GLY  89,89,8.9493
PRO  90,90,15.9414
ILE  91,91,9.1088
ALA  92,92,17.9022
PRO  93,93,18.4343
GLY  94,94,-1.9508
GLN  95,95,-53.2147
MET  96,96,15.9140
ARG  97,97,-185.9546
GLU  98,98,-42.6374
PRO  99,99,17.8809
ARG 100,100,-182.1976
GLY 101,101,-9.6509
SER 102,102,-5.6602
ASP 103,103,-51.8172
ILE 104,104,7.1738
ALA 105,105,2.2783
GLY 106,106,-4.6181
THR 107,107,-16.7790
THR 108,108,-21.3918
SER 109,109,-3.4111
THR 110,110,-17.4953
LEU 111,111,-9.6766
GLN 112,112,-56.8001
GLU 113,113,-52.9277
GLN 114,114,-55.1065
ILE 115,115,6.2373
GLY 116,116,-4.5075
TRP 117,117,12.6498
MET 118,118,6.2317
THR 119,119,-18.0652
HID 120,120,15.4223
ASN 121,121,-55.3357
PRO 122,122,26.9251
PRO 123,123,15.1534
ILE 124,124,23.3114
PRO 125,125,17.4994
VAL 126,126,-10.3713
GLY 127,127,-6.4387
GLU 128,128,-57.6022
ILE 129,129,7.5297
TYR 130,130,-9.4519
LYS 131,131,-4.6829
ARG 132,132,-167.0298
TRP 133,133,11.1383
ILE 134,134,6.4826
ILE 135,135,8.9744
LEU 136,136,-11.7873
GLY 137,137,-4.0774
LEU 138,138,-14.1785
ASN 139,139,-64.5269
LYS 140,140,-3.0488
ILE 141,141,5.5331
VAL 142,142,-4.3158
ARG 143,143,-162.8373
MET 144,144,2.9863
TYR 145,145,-9.2042
SER 146,146,12.6064
PRO 147,147,17.1757
THR 148,148,-15.0063
SER 149,149,3.4497
ILE 150,150,24.7004
LEU   1,1,-5.4741
ASP   2,2,-64.0616
ILE   3,3,20.7202
ARG   4,4,-166.0885
GLN   5,5,-66.9006
GLY   6,6,8.4402
PRO   7,7,24.1960
LYS   8,8,-3.3012
GLU   9,9,-47.1799
PRO  10,10,14.7414
PHE  11,11,15.8559
ARG  12,12,-178.8471
ASP  13,13,-70.4053
TYR  14,14,-14.4744
VAL  15,15,-13.4317
ASP  16,16,-59.2625
ARG  17,17,-179.3161
PHE  18,18,1.5881
TYR  19,19,-3.5220
LYS  20,20,-7.9964
THR  21,21,-19.8086
LEU  22,22,-6.2964
ARG  23,23,-164.2805
ALA  24,24,0.7381
GLU  25,25,-62.0193
GLN  26,26,-50.6752
ALA  27,27,5.6553
SER  28,28,-0.6713
GLN  29,29,-54.1702
GLU  30,30,-59.8078
VAL  31,31,-3.2863
LYS  32,32,-3.8442
ASN  33,33,-75.0603
TRP  34,34,18.4514
MET  35,35,4.5393
THR  36,36,-19.8080
GLU  37,37,-59.7367
THR  38,38,-14.4344
LEU  39,39,-6.7055
LEU  40,40,-14.9119
VAL  41,41,-10.7572
GLN  42,42,-56.0669
ASN  43,43,-73.9624
ALA  44,44,4.1307
ASN  45,45,-61.2930
PRO  46,46,12.9579
ASP  47,47,-67.1200
CYX  48,48,11.2133
LYS  49,49,-7.6082
THR  50,50,-20.1450
ILE  51,51,12.8069
LEU  52,52,-8.3124
LYS  53,53,-3.9575
ALA  54,54,5.6719
LEU  55,55,-9.8043
GLY  56,56,8.1147
PRO  57,57,17.8368
GLY  58,58,-2.6343
ALA  59,59,5.5364
THR  60,60,-14.3258
LEU  61,61,-12.6108
GLU  62,62,-61.4822
GLU  63,63,-59.7196
MET  64,64,5.5759
MET  65,65,4.6188
THR  66,66,-19.5400
ALA  67,67,5.8278
CYX  68,68,4.7236
GLN  69,69,-54.7165
GLY  70,70,6.5896
VAL  71,71,-99.2994
PRO   1,1,-0.0524
ILE   2,2,-0.0006
VAL   3,3,-0.0006
GLN   4,4,0.0001
ASN   5,5,0.0006
LEU   6,6,-0.0001
GLN   7,7,0.0001
GLY   8,8,0.0000
GLN   9,9,-0.0002
MET  10,10,-0.0006
VAL  11,11,-0.0003
HID  12,12,-0.0013
GLN  13,13,-0.0008
ALA  14,14,-0.0003
ILE  15,15,0.0001
SER  16,16,-0.0016
PRO  17,17,-0.0016
ARG  18,18,-0.0646
THR  19,19,-0.0033
LEU  20,20,-0.0033
ASN  21,21,-0.0028
ALA  22,22,-0.0075
TRP  23,23,-0.0213
VAL  24,24,-0.0096
LYS  25,25,-0.0999
VAL  26,26,-0.0552
VAL  27,27,-0.0409
GLU  28,28,0.0233
GLU  29,29,0.4596
LYS  30,30,0.5784
ALA  31,31,-0.7376
PHE  32,32,-0.1934
SER  33,33,-0.1044
PRO  34,34,-1.6218
GLU  35,35,5.8813
VAL  36,36,-0.0466
ILE  37,37,-0.0870
PRO  38,38,-0.1224
MET  39,39,-0.0588
PHE  40,40,-0.0109
SER  41,41,-0.0034
ALA  42,42,-0.0006
LEU  43,43,-0.0043
SER  44,44,-0.0003
GLU  45,45,0.0387
GLY  46,46,0.0005
ALA  47,47,-0.0004
THR  48,48,-0.0020
PRO  49,49,-0.0011
GLN  50,50,-0.0018
ASP  51,51,0.0541
LEU  52,52,0.0022
ASN  53,53,-0.0012
THR  54,54,-0.0023
MET  55,55,-0.0040
LEU  56,56,0.0000
ASN  57,57,-0.0016
THR  58,58,-0.0042
VAL  59,59,-0.0016
ALA  60,60,-0.0008
PRO  61,61,-0.0013
HID  62,62,-0.0134
GLN  63,63,-0.0048
ALA  64,64,-0.0002
ALA  65,65,-0.0033
ALA  66,66,-0.0018
GLN  67,67,-0.0024
MET  68,68,-0.0013
LEU  69,69,-0.0041
LYS  70,70,-0.0544
GLU  71,71,0.0649
THR  72,72,-0.0006
ILE  73,73,-0.0008
ASN  74,74,-0.0025
GLU  75,75,0.0659
GLU  76,76,0.0729
ALA  77,77,-0.0010
ALA  78,78,-0.0014
GLU  79,79,0.0668
TRP  80,80,0.0004
ASP  81,81,0.0467
ARG  82,82,-0.0600
LEU  83,83,-0.0000
HID  84,84,0.0005
PRO  85,85,-0.0001
VAL  86,86,0.0001
HID  87,87,-0.0003
ALA  88,88,-0.0003
GLY  89,89,0.0005
PRO  90,90,-0.0002
ILE  91,91,-0.0002
ALA  92,92,0.0002
PRO  93,93,-0.0003
GLY  94,94,0.0003
GLN  95,95,-0.0008
MET  96,96,-0.0011
ARG  97,97,-0.0508
GLU  98,98,0.0468
PRO  99,99,-0.0007
ARG 100,100,-0.0461
GLY 101,101,0.0010
SER 102,102,0.0002
ASP 103,103,0.0504
ILE 104,104,0.0004
ALA 105,105,-0.0005
GLY 106,106,-0.0004
THR 107,107,0.0001
THR 108,108,-0.0003
SER 109,109,-0.0002
THR 110,110,0.0006
LEU 111,111,0.0003
GLN 112,112,0.0006
GLU 113,113,0.0534
GLN 114,114,0.0027
ILE 115,115,0.0002
GLY 116,116,0.0001
TRP 117,117,0.0002
MET 118,118,-0.0001
THR 119,119,-0.0000
HID 120,120,-0.0002
ASN 121,121,-0.0003
PRO 122,122,-0.0009
PRO 123,123,0.0007
ILE 124,124,-0.0003
PRO 125,125,-0.0006
VAL 126,126,-0.0004
GLY 127,127,-0.0006
GLU 128,128,0.0497
ILE 129,129,0.0001
TYR 130,130,0.0005
LYS 131,131,-0.0483
ARG 132,132,-0.0735
TRP 133,133,-0.0006
ILE 134,134,-0.0039
ILE 135,135,-0.0083
LEU 136,136,-0.0010
GLY 137,137,-0.0046
LEU 138,138,-0.0366
ASN 139,139,-0.0181
LYS 140,140,-0.1095
ILE 141,141,-0.0526
VAL 142,142,-0.2199
ARG 143,143,-0.2413
MET 144,144,0.0114
TYR 145,145,-0.6263
SER 146,146,-0.0599
PRO 147,147,-1.7231
THR 148,148,-0.2150
SER 149,149,-2.9652
ILE 150,150,-10.1447
LEU 151,151,-5.9050
ASP 152,152,-0.3777
ILE 153,153,-2.2895
ARG 154,154,-0.2087
GLN 155,155,-0.0158
GLY 156,156,-0.0063
PRO 157,157,-0.0064
LYS 158,158,-0.0664
GLU 159,159,0.0622
PRO 160,160,-0.0006
PHE 161,161,-0.0022
ARG 162,162,-0.0419
ASP 163,163,0.0754
TYR 164,164,-0.0193
VAL 165,165,-0.0444
ASP 166,166,-0.0488
ARG 167,167,-0.4617
PHE 168,168,-0.8867
TYR 169,169,-0.6308
LYS 170,170,-1.2178
THR 171,171,-1.4895
LEU 172,172,-0.8499
ARG 173,173,-8.6612
ALA 174,174,-1.0268
GLU 175,175,1.6044
GLN 176,176,-2.5943
ALA 177,177,-0.0585
SER 178,178,-0.0251
GLN 179,179,-0.0149
GLU 180,180,0.0577
VAL 181,181,-0.0553
LYS 182,182,-0.1351
ASN 183,183,-0.0117
TRP 184,184,-0.0393
MET 185,185,-0.4212
THR 186,186,-0.0150
GLU 187,187,0.0323
THR 188,188,-0.0148
LEU 189,189,-0.7612
LEU 190,190,-0.0171
VAL 191,191,-0.0134
GLN 192,192,-0.0679
ASN 193,193,-0.4064
ALA 194,194,-0.0109
ASN 195,195,-0.0019
PRO 196,196,-0.0022
ASP 197,197,0.0319
CYX 198,198,-0.0042
LYS 199,199,-0.0533
THR 200,200,-0.0012
ILE 201,201,-0.0026
LEU 202,202,-0.0029
LYS 203,203,-0.0305
ALA 204,204,-0.0013
LEU 205,205,-0.0024
GLY 206,206,-0.0004
PRO 207,207,-0.0022
GLY 208,208,-0.0017
ALA 209,209,-0.0003
THR 210,210,0.0006
LEU 211,211,-0.0055
GLU 212,212,0.0072
GLU 213,213,0.0171
MET 214,214,-0.0052
MET 215,215,-0.0049
THR 216,216,-0.0032
ALA 217,217,-0.0021
CYX 218,218,-0.0040
GLN 219,219,-0.0017
GLY 220,220,-0.0007
VAL 221,221,0.0398
