Residue Name,Residue Number,Binding Free Energy (kcal/mol)
PRO   1,1,-0.4536
ILE   2,2,14.0359
VAL   3,3,-8.8939
GLN   4,4,-53.2640
ASN   5,5,-67.2681
LEU   6,6,-5.2772
GLN   7,7,-52.6327
GLY   8,8,-3.1159
GLN   9,9,-53.5574
MET  10,10,10.5225
VAL  11,11,-8.5589
HID  12,12,17.2655
GLN  13,13,-55.2794
ALA  14,14,8.4076
ILE  15,15,10.6745
SER  16,16,7.3707
PRO  17,17,22.8390
ARG  18,18,-162.9834
THR  19,19,-21.1027
LEU  20,20,-12.4388
ASN  21,21,-70.9801
ALA  22,22,6.2599
TRP  23,23,15.8033
VAL  24,24,-3.1043
LYS  25,25,-3.4029
VAL  26,26,-13.3513
VAL  27,27,-14.1202
GLU  28,28,-63.3265
GLU  29,29,-55.5233
LYS  30,30,-7.6631
ALA  31,31,3.2279
PHE  32,32,13.4850
SER  33,33,9.6838
PRO  34,34,12.9138
GLU  35,35,-58.9772
VAL  36,36,-11.4397
ILE  37,37,19.3515
PRO  38,38,15.6581
MET  39,39,7.8625
PHE  40,40,4.7113
SER  41,41,0.8071
ALA  42,42,9.3260
LEU  43,43,-10.0735
SER  44,44,-7.6714
GLU  45,45,-58.7203
GLY  46,46,-4.0723
ALA  47,47,5.0257
THR  48,48,-8.3818
PRO  49,49,11.2210
GLN  50,50,-56.7040
ASP  51,51,-60.9969
LEU  52,52,-16.6529
ASN  53,53,-76.1474
THR  54,54,-19.7580
MET  55,55,4.4619
LEU  56,56,-12.7730
ASN  57,57,-71.0311
THR  58,58,-15.8099
VAL  59,59,-9.0275
ALA  60,60,19.4099
PRO  61,61,16.6764
HID  62,62,18.9136
GLN  63,63,-50.7000
ALA  64,64,7.2317
ALA  65,65,5.4670
ALA  66,66,4.5722
GLN  67,67,-53.9268
MET  68,68,5.7556
LEU  69,69,-8.0337
LYS  70,70,-8.5360
GLU  71,71,-65.7951
THR  72,72,-18.0637
ILE  73,73,8.4782
ASN  74,74,-73.0665
GLU  75,75,-60.0435
GLU  76,76,-59.5226
ALA  77,77,4.6683
ALA  78,78,4.3525
GLU  79,79,-58.3202
TRP  80,80,9.9142
ASP  81,81,-48.2620
ARG  82,82,-171.7372
LEU  83,83,-14.8665
HID  84,84,21.7244
PRO  85,85,18.7846
VAL  86,86,-5.4625
HID  87,87,14.8531
ALA  88,88,7.3750
GLY  89,89,9.7287
PRO  90,90,18.8931
ILE  91,91,13.3383
ALA  92,92,18.5896
PRO  93,93,18.3351
GLY  94,94,-1.1915
GLN  95,95,-49.8059
MET  96,96,15.5207
ARG  97,97,-184.4077
GLU  98,98,-53.3175
PRO  99,99,18.1382
ARG 100,100,-173.6890
GLY 101,101,-10.1142
SER 102,102,-5.4023
ASP 103,103,-53.3680
ILE 104,104,7.2196
ALA 105,105,2.0939
GLY 106,106,-4.7123
THR 107,107,-16.1088
THR 108,108,-21.4134
SER 109,109,-3.4324
THR 110,110,-13.1721
LEU 111,111,-10.1390
GLN 112,112,-55.0548
GLU 113,113,-57.0240
GLN 114,114,-56.4653
ILE 115,115,6.4631
GLY 116,116,-3.2462
TRP 117,117,14.6433
MET 118,118,4.2663
THR 119,119,-18.7448
HID 120,120,16.1835
ASN 121,121,-54.1335
PRO 122,122,27.8103
PRO 123,123,15.4226
ILE 124,124,22.0170
PRO 125,125,18.4624
VAL 126,126,-11.0575
GLY 127,127,-6.3051
GLU 128,128,-58.2470
ILE 129,129,8.1474
TYR 130,130,-9.0977
LYS 131,131,-1.7478
ARG 132,132,-167.8864
TRP 133,133,10.9883
ILE 134,134,6.7057
ILE 135,135,9.5609
LEU 136,136,-11.8434
GLY 137,137,-3.7280
LEU 138,138,-13.8015
ASN 139,139,-64.3960
LYS 140,140,-3.9066
ILE 141,141,6.2893
VAL 142,142,-4.9004
ARG 143,143,-171.2820
MET 144,144,3.5582
TYR 145,145,-3.6998
SER 146,146,14.6271
PRO 147,147,17.0514
THR 148,148,-15.7099
SER 149,149,0.9930
ILE 150,150,15.2530
LEU 151,151,-10.3766
ASP 152,152,-62.5046
ILE 153,153,18.7415
ARG 154,154,-171.0430
GLN 155,155,-67.3570
GLY 156,156,7.6031
PRO 157,157,23.3581
LYS 158,158,-2.6871
GLU 159,159,-46.6021
PRO 160,160,14.8466
PHE 161,161,15.7428
ARG 162,162,-167.9629
ASP 163,163,-68.1235
TYR 164,164,-12.7220
VAL 165,165,-12.5214
ASP 166,166,-58.8274
ARG 167,167,-180.4758
PHE 168,168,0.2973
TYR 169,169,-2.4959
LYS 170,170,-8.9961
THR 171,171,-22.8356
LEU 172,172,-7.2937
ARG 173,173,-163.0362
ALA 174,174,-0.5255
GLU 175,175,-58.3768
GLN 176,176,-54.3305
ALA 177,177,6.6345
SER 178,178,-0.4796
GLN 179,179,-53.8925
GLU 180,180,-58.9548
VAL 181,181,-2.7063
LYS 182,182,-6.5876
ASN 183,183,-73.5730
TRP 184,184,19.0707
MET 185,185,3.8392
THR 186,186,-19.7933
GLU 187,187,-59.0315
THR 188,188,-14.8912
LEU 189,189,-8.7106
LEU 190,190,-15.2113
VAL 191,191,-10.9172
GLN 192,192,-55.4710
ASN 193,193,-73.6185
ALA 194,194,2.6895
ASN 195,195,-61.8994
PRO 196,196,13.6648
ASP 197,197,-65.5605
CYX 198,198,11.2232
LYS 199,199,-6.5262
THR 200,200,-20.6728
ILE 201,201,13.1793
LEU 202,202,-7.9976
LYS 203,203,-3.1708
ALA 204,204,4.0770
LEU 205,205,-11.0146
GLY 206,206,8.9210
PRO 207,207,16.6111
GLY 208,208,-2.8548
ALA 209,209,6.4804
THR 210,210,-13.9995
LEU 211,211,-12.5380
GLU 212,212,-63.5148
GLU 213,213,-60.6043
MET 214,214,5.7028
MET 215,215,4.9952
THR 216,216,-19.2643
ALA 217,217,5.2579
CYX 218,218,5.1161
GLN 219,219,-49.1062
GLY 220,220,5.8949
VAL 221,221,-101.0224
PRO   1,1,-0.4116
ILE   2,2,14.0363
VAL   3,3,-8.8939
GLN   4,4,-53.2637
ASN   5,5,-67.2686
LEU   6,6,-5.2778
GLN   7,7,-52.6331
GLY   8,8,-3.1159
GLN   9,9,-53.5568
MET  10,10,10.5227
VAL  11,11,-8.5588
HID  12,12,17.2659
GLN  13,13,-55.2805
ALA  14,14,8.4069
ILE  15,15,10.6752
SER  16,16,7.3725
PRO  17,17,22.8407
ARG  18,18,-162.9393
THR  19,19,-21.1018
LEU  20,20,-12.4361
ASN  21,21,-70.9762
ALA  22,22,6.2632
TRP  23,23,15.8137
VAL  24,24,-3.0946
LYS  25,25,-3.3714
VAL  26,26,-13.3308
VAL  27,27,-14.0905
GLU  28,28,-63.2169
GLU  29,29,-55.4326
LYS  30,30,-7.5656
ALA  31,31,3.1645
PHE  32,32,13.8023
SER  33,33,10.2835
PRO  34,34,14.3050
GLU  35,35,-59.1428
VAL  36,36,-11.3932
ILE  37,37,19.3995
PRO  38,38,15.6832
MET  39,39,7.8752
PHE  40,40,4.7200
SER  41,41,0.8143
ALA  42,42,9.3292
LEU  43,43,-10.0701
SER  44,44,-7.6717
GLU  45,45,-58.7813
GLY  46,46,-4.0716
ALA  47,47,5.0251
THR  48,48,-8.3795
PRO  49,49,11.2229
GLN  50,50,-56.7021
ASP  51,51,-61.0318
LEU  52,52,-16.6481
ASN  53,53,-76.1433
THR  54,54,-19.7556
MET  55,55,4.4672
LEU  56,56,-12.7661
ASN  57,57,-71.0273
THR  58,58,-15.8058
VAL  59,59,-9.0180
ALA  60,60,19.4130
PRO  61,61,16.6782
HID  62,62,18.9537
GLN  63,63,-50.6946
ALA  64,64,7.2307
ALA  65,65,5.4687
ALA  66,66,4.5742
GLN  67,67,-53.9260
MET  68,68,5.7772
LEU  69,69,-8.0336
LYS  70,70,-8.5302
GLU  71,71,-65.8040
THR  72,72,-18.0663
ILE  73,73,8.4770
ASN  74,74,-73.0663
GLU  75,75,-60.0835
GLU  76,76,-59.5910
ALA  77,77,4.6679
ALA  78,78,4.3532
GLU  79,79,-58.3837
TRP  80,80,9.9127
ASP  81,81,-48.2856
ARG  82,82,-171.6828
LEU  83,83,-14.8659
HID  84,84,21.7250
PRO  85,85,18.7848
VAL  86,86,-5.4628
HID  87,87,14.8530
ALA  88,88,7.3750
GLY  89,89,9.7281
PRO  90,90,18.8932
ILE  91,91,13.3389
ALA  92,92,18.5892
PRO  93,93,18.3347
GLY  94,94,-1.1910
GLN  95,95,-49.8053
MET  96,96,15.5206
ARG  97,97,-184.3778
GLU  98,98,-53.3556
PRO  99,99,18.1387
ARG 100,100,-173.6638
GLY 101,101,-10.1149
SER 102,102,-5.4030
ASP 103,103,-53.3914
ILE 104,104,7.2191
ALA 105,105,2.0946
GLY 106,106,-4.7117
THR 107,107,-16.1093
THR 108,108,-21.4127
SER 109,109,-3.4312
THR 110,110,-13.1724
LEU 111,111,-10.1393
GLN 112,112,-55.0567
GLU 113,113,-57.0640
GLN 114,114,-56.4679
ILE 115,115,6.4632
GLY 116,116,-3.2464
TRP 117,117,14.6429
MET 118,118,4.2660
THR 119,119,-18.7444
HID 120,120,16.1831
ASN 121,121,-54.1332
PRO 122,122,27.8111
PRO 123,123,15.4230
ILE 124,124,22.0168
PRO 125,125,18.4630
VAL 126,126,-11.0569
GLY 127,127,-6.3042
GLU 128,128,-58.3055
ILE 129,129,8.1458
TYR 130,130,-9.0960
LYS 131,131,-1.6892
ARG 132,132,-167.8161
TRP 133,133,10.9902
ILE 134,134,6.7110
ILE 135,135,9.5661
LEU 136,136,-11.8399
GLY 137,137,-3.7111
LEU 138,138,-13.7698
ASN 139,139,-64.3738
LYS 140,140,-3.7442
ILE 141,141,6.7775
VAL 142,142,-4.1340
ARG 143,143,-162.2178
MET 144,144,3.3068
TYR 145,145,-3.9869
SER 146,146,14.2745
PRO 147,147,17.5221
THR 148,148,-16.2209
SER 149,149,4.3639
ILE 150,150,24.9839
LEU   1,1,-4.2905
ASP   2,2,-61.5080
ILE   3,3,20.9901
ARG   4,4,-170.5577
GLN   5,5,-67.3520
GLY   6,6,7.6041
PRO   7,7,23.3631
LYS   8,8,-2.6418
GLU   9,9,-46.4921
PRO  10,10,14.8585
PHE  11,11,15.7551
ARG  12,12,-167.9261
ASP  13,13,-68.0671
TYR  14,14,-12.6710
VAL  15,15,-12.4760
ASP  16,16,-58.5862
ARG  17,17,-181.3530
PHE  18,18,1.2293
TYR  19,19,-2.3118
LYS  20,20,-8.8145
THR  21,21,-20.5956
LEU  22,22,-6.3007
ARG  23,23,-164.0967
ALA  24,24,0.5321
GLU  25,25,-61.3549
GLN  26,26,-52.9892
ALA  27,27,6.7295
SER  28,28,-0.4384
GLN  29,29,-53.8754
GLU  30,30,-59.0232
VAL  31,31,-2.6695
LYS  32,32,-6.4273
ASN  33,33,-73.5683
TRP  34,34,19.1044
MET  35,35,4.3774
THR  36,36,-19.7743
GLU  37,37,-59.0792
THR  38,38,-14.8680
LEU  39,39,-7.9535
LEU  40,40,-15.1861
VAL  41,41,-10.9125
GLN  42,42,-55.3955
ASN  43,43,-73.2385
ALA  44,44,2.6990
ASN  45,45,-61.9001
PRO  46,46,13.6660
ASP  47,47,-65.6113
CYX  48,48,11.2263
LYS  49,49,-6.4548
THR  50,50,-20.6706
ILE  51,51,13.1827
LEU  52,52,-7.9910
LYS  53,53,-3.1198
ALA  54,54,4.0790
LEU  55,55,-11.0105
GLY  56,56,8.9210
PRO  57,57,16.6100
GLY  58,58,-2.8542
ALA  59,59,6.4772
THR  60,60,-13.9977
LEU  61,61,-12.5298
GLU  62,62,-63.5382
GLU  63,63,-60.6292
MET  64,64,5.7092
MET  65,65,5.0002
THR  66,66,-19.2617
ALA  67,67,5.2588
CYX  68,68,5.1173
GLN  69,69,-49.1043
GLY  70,70,5.8973
VAL  71,71,-101.0395
PRO   1,1,-0.0420
ILE   2,2,-0.0004
VAL   3,3,0.0000
GLN   4,4,-0.0003
ASN   5,5,0.0006
LEU   6,6,0.0006
GLN   7,7,0.0004
GLY   8,8,-0.0000
GLN   9,9,-0.0006
MET  10,10,-0.0002
VAL  11,11,-0.0001
HID  12,12,-0.0004
GLN  13,13,0.0011
ALA  14,14,0.0007
ILE  15,15,-0.0007
SER  16,16,-0.0017
PRO  17,17,-0.0017
ARG  18,18,-0.0440
THR  19,19,-0.0009
LEU  20,20,-0.0027
ASN  21,21,-0.0039
ALA  22,22,-0.0032
TRP  23,23,-0.0104
VAL  24,24,-0.0098
LYS  25,25,-0.0315
VAL  26,26,-0.0205
VAL  27,27,-0.0297
GLU  28,28,-0.1096
GLU  29,29,-0.0907
LYS  30,30,-0.0974
ALA  31,31,0.0635
PHE  32,32,-0.3173
SER  33,33,-0.5997
PRO  34,34,-1.3912
GLU  35,35,0.1656
VAL  36,36,-0.0465
ILE  37,37,-0.0480
PRO  38,38,-0.0251
MET  39,39,-0.0127
PHE  40,40,-0.0087
SER  41,41,-0.0071
ALA  42,42,-0.0032
LEU  43,43,-0.0034
SER  44,44,0.0003
GLU  45,45,0.0610
GLY  46,46,-0.0008
ALA  47,47,0.0007
THR  48,48,-0.0022
PRO  49,49,-0.0019
GLN  50,50,-0.0019
ASP  51,51,0.0349
LEU  52,52,-0.0049
ASN  53,53,-0.0041
THR  54,54,-0.0024
MET  55,55,-0.0054
LEU  56,56,-0.0069
ASN  57,57,-0.0038
THR  58,58,-0.0041
VAL  59,59,-0.0096
ALA  60,60,-0.0031
PRO  61,61,-0.0018
HID  62,62,-0.0401
GLN  63,63,-0.0054
ALA  64,64,0.0010
ALA  65,65,-0.0017
ALA  66,66,-0.0020
GLN  67,67,-0.0009
MET  68,68,-0.0216
LEU  69,69,-0.0001
LYS  70,70,-0.0058
GLU  71,71,0.0089
THR  72,72,0.0026
ILE  73,73,0.0012
ASN  74,74,-0.0002
GLU  75,75,0.0400
GLU  76,76,0.0684
ALA  77,77,0.0005
ALA  78,78,-0.0007
GLU  79,79,0.0634
TRP  80,80,0.0016
ASP  81,81,0.0235
ARG  82,82,-0.0544
LEU  83,83,-0.0005
HID  84,84,-0.0005
PRO  85,85,-0.0002
VAL  86,86,0.0003
HID  87,87,0.0000
ALA  88,88,-0.0000
GLY  89,89,0.0005
PRO  90,90,-0.0001
ILE  91,91,-0.0006
ALA  92,92,0.0004
PRO  93,93,0.0004
GLY  94,94,-0.0005
GLN  95,95,-0.0007
MET  96,96,0.0001
ARG  97,97,-0.0299
GLU  98,98,0.0381
PRO  99,99,-0.0006
ARG 100,100,-0.0252
GLY 101,101,0.0007
SER 102,102,0.0007
ASP 103,103,0.0234
ILE 104,104,0.0005
ALA 105,105,-0.0007
GLY 106,106,-0.0006
THR 107,107,0.0005
THR 108,108,-0.0007
SER 109,109,-0.0012
THR 110,110,0.0003
LEU 111,111,0.0003
GLN 112,112,0.0019
GLU 113,113,0.0399
GLN 114,114,0.0026
ILE 115,115,-0.0001
GLY 116,116,0.0002
TRP 117,117,0.0004
MET 118,118,0.0003
THR 119,119,-0.0004
HID 120,120,0.0004
ASN 121,121,-0.0003
PRO 122,122,-0.0008
PRO 123,123,-0.0004
ILE 124,124,0.0002
PRO 125,125,-0.0006
VAL 126,126,-0.0006
GLY 127,127,-0.0009
GLU 128,128,0.0585
ILE 129,129,0.0016
TYR 130,130,-0.0017
LYS 131,131,-0.0586
ARG 132,132,-0.0703
TRP 133,133,-0.0019
ILE 134,134,-0.0054
ILE 135,135,-0.0052
LEU 136,136,-0.0035
GLY 137,137,-0.0168
LEU 138,138,-0.0316
ASN 139,139,-0.0222
LYS 140,140,-0.1623
ILE 141,141,-0.4883
VAL 142,142,-0.7665
ARG 143,143,-9.0641
MET 144,144,0.2514
TYR 145,145,0.2870
SER 146,146,0.3526
PRO 147,147,-0.4706
THR 148,148,0.5110
SER 149,149,-3.3709
ILE 150,150,-9.7309
LEU 151,151,-6.0861
ASP 152,152,-0.9966
ILE 153,153,-2.2486
ARG 154,154,-0.4853
GLN 155,155,-0.0050
GLY 156,156,-0.0010
PRO 157,157,-0.0050
LYS 158,158,-0.0452
GLU 159,159,-0.1101
PRO 160,160,-0.0119
PHE 161,161,-0.0123
ARG 162,162,-0.0368
ASP 163,163,-0.0564
TYR 164,164,-0.0510
VAL 165,165,-0.0454
ASP 166,166,-0.2413
ARG 167,167,0.8772
PHE 168,168,-0.9320
TYR 169,169,-0.1841
LYS 170,170,-0.1816
THR 171,171,-2.2400
LEU 172,172,-0.9929
ARG 173,173,1.0605
ALA 174,174,-1.0575
GLU 175,175,2.9781
GLN 176,176,-1.3413
ALA 177,177,-0.0949
SER 178,178,-0.0412
GLN 179,179,-0.0171
GLU 180,180,0.0684
VAL 181,181,-0.0368
LYS 182,182,-0.1602
ASN 183,183,-0.0047
TRP 184,184,-0.0337
MET 185,185,-0.5382
THR 186,186,-0.0190
GLU 187,187,0.0477
THR 188,188,-0.0232
LEU 189,189,-0.7571
LEU 190,190,-0.0251
VAL 191,191,-0.0047
GLN 192,192,-0.0755
ASN 193,193,-0.3800
ALA 194,194,-0.0095
ASN 195,195,0.0008
PRO 196,196,-0.0011
ASP 197,197,0.0508
CYX 198,198,-0.0031
LYS 199,199,-0.0714
THR 200,200,-0.0022
ILE 201,201,-0.0034
LEU 202,202,-0.0066
LYS 203,203,-0.0510
ALA 204,204,-0.0020
LEU 205,205,-0.0042
GLY 206,206,0.0000
PRO 207,207,0.0011
GLY 208,208,-0.0006
ALA 209,209,0.0033
THR 210,210,-0.0017
LEU 211,211,-0.0082
GLU 212,212,0.0234
GLU 213,213,0.0249
MET 214,214,-0.0064
MET 215,215,-0.0050
THR 216,216,-0.0027
ALA 217,217,-0.0009
CYX 218,218,-0.0012
GLN 219,219,-0.0019
GLY 220,220,-0.0024
VAL 221,221,0.0171
