Residue Name,Residue Number,Binding Free Energy (kcal/mol)
PRO   1,1,-6.8804
ILE   2,2,12.0661
VAL   3,3,-10.2954
GLN   4,4,-50.7935
ASN   5,5,-69.3015
LEU   6,6,-6.9293
GLN   7,7,-53.8846
GLY   8,8,-2.6561
GLN   9,9,-53.6278
MET  10,10,11.2761
VAL  11,11,-8.1915
HID  12,12,13.7443
GLN  13,13,-54.6624
ALA  14,14,8.7205
ILE  15,15,11.4304
SER  16,16,8.1390
PRO  17,17,24.1569
ARG  18,18,-162.2762
THR  19,19,-20.6488
LEU  20,20,-12.7681
ASN  21,21,-71.8977
ALA  22,22,6.0506
TRP  23,23,18.1266
VAL  24,24,-3.1987
LYS  25,25,-3.8117
VAL  26,26,-13.7366
VAL  27,27,-12.4911
GLU  28,28,-61.8118
GLU  29,29,-52.4386
LYS  30,30,-5.7064
ALA  31,31,4.6897
PHE  32,32,15.2400
SER  33,33,10.8594
PRO  34,34,11.3715
GLU  35,35,-53.5263
VAL  36,36,-10.9426
ILE  37,37,19.5951
PRO  38,38,14.0984
MET  39,39,7.0819
PHE  40,40,4.8692
SER  41,41,-0.0924
ALA  42,42,9.1127
LEU  43,43,-10.4293
SER  44,44,-8.3935
GLU  45,45,-58.8377
GLY  46,46,-4.4854
ALA  47,47,4.0823
THR  48,48,-9.9875
PRO  49,49,10.2292
GLN  50,50,-58.5155
ASP  51,51,-58.7822
LEU  52,52,-16.2401
ASN  53,53,-75.2194
THR  54,54,-20.1456
MET  55,55,4.6798
LEU  56,56,-12.5885
ASN  57,57,-71.1010
THR  58,58,-14.8686
VAL  59,59,-10.1554
ALA  60,60,18.6018
PRO  61,61,16.2158
HID  62,62,15.8442
GLN  63,63,-51.3102
ALA  64,64,6.7061
ALA  65,65,5.8096
ALA  66,66,4.3367
GLN  67,67,-53.0508
MET  68,68,6.2069
LEU  69,69,-8.3947
LYS  70,70,-7.1183
GLU  71,71,-67.2005
THR  72,72,-18.8987
ILE  73,73,9.7850
ASN  74,74,-73.3714
GLU  75,75,-62.0217
GLU  76,76,-61.8354
ALA  77,77,4.6542
ALA  78,78,3.8973
GLU  79,79,-56.8643
TRP  80,80,10.2476
ASP  81,81,-51.3140
ARG  82,82,-171.3446
LEU  83,83,-15.9849
HID  84,84,22.5847
PRO  85,85,19.1776
VAL  86,86,-6.6059
HID  87,87,16.8448
ALA  88,88,8.1120
GLY  89,89,9.6477
PRO  90,90,19.2767
ILE  91,91,13.3105
ALA  92,92,18.9770
PRO  93,93,18.2621
GLY  94,94,-1.1879
GLN  95,95,-51.6033
MET  96,96,15.1610
ARG  97,97,-185.1439
GLU  98,98,-52.9737
PRO  99,99,18.9772
ARG 100,100,-172.5176
GLY 101,101,-10.0016
SER 102,102,-4.1161
ASP 103,103,-52.4713
ILE 104,104,7.8538
ALA 105,105,1.6436
GLY 106,106,-4.1695
THR 107,107,-16.2861
THR 108,108,-18.6092
SER 109,109,-4.0851
THR 110,110,-14.5474
LEU 111,111,-11.9085
GLN 112,112,-56.3317
GLU 113,113,-56.1654
GLN 114,114,-55.0072
ILE 115,115,5.6301
GLY 116,116,-4.6385
TRP 117,117,15.0591
MET 118,118,5.7305
THR 119,119,-18.9148
HID 120,120,14.6763
ASN 121,121,-55.0159
PRO 122,122,27.2691
PRO 123,123,14.8917
ILE 124,124,23.7417
PRO 125,125,18.8377
VAL 126,126,-11.7606
GLY 127,127,-6.6436
GLU 128,128,-58.1433
ILE 129,129,9.0812
TYR 130,130,-9.6466
LYS 131,131,-2.7678
ARG 132,132,-167.0091
TRP 133,133,11.6366
ILE 134,134,6.6396
ILE 135,135,9.5843
LEU 136,136,-13.2119
GLY 137,137,-3.8780
LEU 138,138,-14.3196
ASN 139,139,-66.4973
LYS 140,140,-3.6137
ILE 141,141,5.4660
VAL 142,142,-5.2082
ARG 143,143,-175.0693
MET 144,144,3.4911
TYR 145,145,-8.2198
SER 146,146,13.4691
PRO 147,147,16.0064
THR 148,148,-16.5138
SER 149,149,1.1143
ILE 150,150,13.9513
LEU 151,151,-11.8312
ASP 152,152,-64.8614
ILE 153,153,18.1136
ARG 154,154,-168.1778
GLN 155,155,-66.9830
GLY 156,156,8.5306
PRO 157,157,24.1168
LYS 158,158,-4.7643
GLU 159,159,-45.6702
PRO 160,160,14.7271
PHE 161,161,14.2901
ARG 162,162,-164.7848
ASP 163,163,-69.0590
TYR 164,164,-13.6449
VAL 165,165,-13.4146
ASP 166,166,-57.6547
ARG 167,167,-180.3332
PHE 168,168,0.9646
TYR 169,169,-4.1600
LYS 170,170,-8.3365
THR 171,171,-21.6251
LEU 172,172,-7.1265
ARG 173,173,-167.7711
ALA 174,174,-0.2932
GLU 175,175,-52.8400
GLN 176,176,-51.8068
ALA 177,177,5.9860
SER 178,178,-1.8273
GLN 179,179,-55.7202
GLU 180,180,-57.0090
VAL 181,181,-3.1876
LYS 182,182,-6.7714
ASN 183,183,-74.2485
TRP 184,184,19.0340
MET 185,185,2.9085
THR 186,186,-21.4532
GLU 187,187,-57.1462
THR 188,188,-13.7163
LEU 189,189,-8.4634
LEU 190,190,-14.5868
VAL 191,191,-10.5333
GLN 192,192,-55.2337
ASN 193,193,-72.9826
ALA 194,194,3.1550
ASN 195,195,-60.0190
PRO 196,196,13.1195
ASP 197,197,-66.2428
CYX 198,198,10.9561
LYS 199,199,-5.9563
THR 200,200,-20.2002
ILE 201,201,13.5527
LEU 202,202,-8.9528
LYS 203,203,-3.8605
ALA 204,204,4.3081
LEU 205,205,-10.9441
GLY 206,206,8.4832
PRO 207,207,17.5668
GLY 208,208,-3.0375
ALA 209,209,5.8571
THR 210,210,-12.3872
LEU 211,211,-12.5450
GLU 212,212,-65.5699
GLU 213,213,-60.9841
MET 214,214,6.1964
MET 215,215,5.8377
THR 216,216,-18.5803
ALA 217,217,5.9828
CYX 218,218,5.8980
GLN 219,219,-51.3786
GLY 220,220,7.8479
VAL 221,221,-100.3527
PRO   1,1,-6.8299
ILE   2,2,12.0699
VAL   3,3,-10.2963
GLN   4,4,-50.7913
ASN   5,5,-69.3029
LEU   6,6,-6.9300
GLN   7,7,-53.8856
GLY   8,8,-2.6567
GLN   9,9,-53.6270
MET  10,10,11.2769
VAL  11,11,-8.1915
HID  12,12,13.7439
GLN  13,13,-54.6627
ALA  14,14,8.7218
ILE  15,15,11.4312
SER  16,16,8.1397
PRO  17,17,24.1588
ARG  18,18,-162.2607
THR  19,19,-20.6466
LEU  20,20,-12.7693
ASN  21,21,-71.8967
ALA  22,22,6.0560
TRP  23,23,18.1357
VAL  24,24,-3.2014
LYS  25,25,-3.8190
VAL  26,26,-13.7171
VAL  27,27,-12.4767
GLU  28,28,-61.8315
GLU  29,29,-52.3759
LYS  30,30,-5.8222
ALA  31,31,4.7221
PHE  32,32,15.2520
SER  33,33,10.8312
PRO  34,34,13.5610
GLU  35,35,-58.9072
VAL  36,36,-10.7295
ILE  37,37,20.2770
PRO  38,38,15.6863
MET  39,39,7.2798
PHE  40,40,4.9417
SER  41,41,-0.0510
ALA  42,42,9.1403
LEU  43,43,-10.4062
SER  44,44,-8.3859
GLU  45,45,-58.8841
GLY  46,46,-4.4824
ALA  47,47,4.0825
THR  48,48,-9.9867
PRO  49,49,10.2302
GLN  50,50,-58.5132
ASP  51,51,-58.8388
LEU  52,52,-16.2462
ASN  53,53,-75.2223
THR  54,54,-20.1395
MET  55,55,4.6887
LEU  56,56,-12.5877
ASN  57,57,-71.0993
THR  58,58,-14.8530
VAL  59,59,-10.1520
ALA  60,60,18.6005
PRO  61,61,16.2170
HID  62,62,15.8401
GLN  63,63,-51.3145
ALA  64,64,6.7041
ALA  65,65,5.8095
ALA  66,66,4.3326
GLN  67,67,-53.0505
MET  68,68,6.2074
LEU  69,69,-8.3848
LYS  70,70,-7.0573
GLU  71,71,-67.2736
THR  72,72,-18.8927
ILE  73,73,9.7857
ASN  74,74,-73.3703
GLU  75,75,-62.1282
GLU  76,76,-61.9805
ALA  77,77,4.6542
ALA  78,78,3.8988
GLU  79,79,-56.9803
TRP  80,80,10.2478
ASP  81,81,-51.3993
ARG  82,82,-171.2347
LEU  83,83,-15.9818
HID  84,84,22.5846
PRO  85,85,19.1773
VAL  86,86,-6.6053
HID  87,87,16.8432
ALA  88,88,8.1115
GLY  89,89,9.6480
PRO  90,90,19.2757
ILE  91,91,13.3111
ALA  92,92,18.9769
PRO  93,93,18.2607
GLY  94,94,-1.1885
GLN  95,95,-51.6018
MET  96,96,15.1606
ARG  97,97,-185.0657
GLU  98,98,-53.0615
PRO  99,99,18.9771
ARG 100,100,-172.4352
GLY 101,101,-10.0026
SER 102,102,-4.1148
ASP 103,103,-52.5518
ILE 104,104,7.8551
ALA 105,105,1.6461
GLY 106,106,-4.1677
THR 107,107,-16.2843
THR 108,108,-18.6090
SER 109,109,-4.0843
THR 110,110,-14.5489
LEU 111,111,-11.9101
GLN 112,112,-56.3323
GLU 113,113,-56.2420
GLN 114,114,-55.0078
ILE 115,115,5.6289
GLY 116,116,-4.6384
TRP 117,117,15.0591
MET 118,118,5.7306
THR 119,119,-18.9136
HID 120,120,14.6773
ASN 121,121,-55.0163
PRO 122,122,27.2712
PRO 123,123,14.8892
ILE 124,124,23.7445
PRO 125,125,18.8373
VAL 126,126,-11.7632
GLY 127,127,-6.6480
GLU 128,128,-58.2549
ILE 129,129,9.0771
TYR 130,130,-9.6551
LYS 131,131,-2.6576
ARG 132,132,-166.8030
TRP 133,133,11.6357
ILE 134,134,6.6338
ILE 135,135,9.6217
LEU 136,136,-13.2079
GLY 137,137,-3.8766
LEU 138,138,-14.3088
ASN 139,139,-66.7053
LYS 140,140,-3.4484
ILE 141,141,5.5097
VAL 142,142,-4.9779
ARG 143,143,-163.6176
MET 144,144,3.5251
TYR 145,145,-8.1546
SER 146,146,13.5950
PRO 147,147,16.4257
THR 148,148,-15.8107
SER 149,149,3.4886
ILE 150,150,23.8839
LEU   1,1,-5.6362
ASP   2,2,-64.4475
ILE   3,3,20.4385
ARG   4,4,-167.8209
GLN   5,5,-66.9865
GLY   6,6,8.5278
PRO   7,7,24.1218
LYS   8,8,-4.7467
GLU   9,9,-45.7360
PRO  10,10,14.7133
PHE  11,11,14.2691
ARG  12,12,-164.8303
ASP  13,13,-68.9942
TYR  14,14,-13.7066
VAL  15,15,-13.4191
ASP  16,16,-57.6026
ARG  17,17,-179.9290
PHE  18,18,2.1252
TYR  19,19,-4.0423
LYS  20,20,-8.2475
THR  21,21,-20.4418
LEU  22,22,-6.1785
ARG  23,23,-162.8442
ALA  24,24,0.0312
GLU  25,25,-62.3788
GLN  26,26,-50.8539
ALA  27,27,6.0911
SER  28,28,-1.7914
GLN  29,29,-55.6994
GLU  30,30,-57.0322
VAL  31,31,-3.1323
LYS  32,32,-6.6581
ASN  33,33,-74.2371
TRP  34,34,19.0782
MET  35,35,3.4219
THR  36,36,-21.4440
GLU  37,37,-57.1337
THR  38,38,-13.6636
LEU  39,39,-7.6978
LEU  40,40,-14.5837
VAL  41,41,-10.5461
GLN  42,42,-55.1434
ASN  43,43,-72.0329
ALA  44,44,3.1663
ASN  45,45,-60.0228
PRO  46,46,13.1202
ASP  47,47,-66.2539
CYX  48,48,10.9619
LYS  49,49,-5.9080
THR  50,50,-20.1987
ILE  51,51,13.5564
LEU  52,52,-8.9432
LYS  53,53,-3.8469
ALA  54,54,4.3093
LEU  55,55,-10.9440
GLY  56,56,8.4850
PRO  57,57,17.5693
GLY  58,58,-3.0355
ALA  59,59,5.8573
THR  60,60,-12.3900
LEU  61,61,-12.5436
GLU  62,62,-65.5068
GLU  63,63,-60.9404
MET  64,64,6.1947
MET  65,65,5.8391
THR  66,66,-18.5787
ALA  67,67,5.9857
CYX  68,68,5.9004
GLN  69,69,-51.3802
GLY  70,70,7.8471
VAL  71,71,-100.3381
PRO   1,1,-0.0505
ILE   2,2,-0.0038
VAL   3,3,0.0009
GLN   4,4,-0.0022
ASN   5,5,0.0015
LEU   6,6,0.0008
GLN   7,7,0.0010
GLY   8,8,0.0006
GLN   9,9,-0.0008
MET  10,10,-0.0008
VAL  11,11,-0.0001
HID  12,12,0.0003
GLN  13,13,0.0003
ALA  14,14,-0.0013
ILE  15,15,-0.0008
SER  16,16,-0.0007
PRO  17,17,-0.0019
ARG  18,18,-0.0154
THR  19,19,-0.0022
LEU  20,20,0.0011
ASN  21,21,-0.0010
ALA  22,22,-0.0053
TRP  23,23,-0.0091
VAL  24,24,0.0027
LYS  25,25,0.0074
VAL  26,26,-0.0195
VAL  27,27,-0.0145
GLU  28,28,0.0197
GLU  29,29,-0.0627
LYS  30,30,0.1159
ALA  31,31,-0.0324
PHE  32,32,-0.0120
SER  33,33,0.0282
PRO  34,34,-2.1896
GLU  35,35,5.3809
VAL  36,36,-0.2132
ILE  37,37,-0.6818
PRO  38,38,-1.5879
MET  39,39,-0.1979
PHE  40,40,-0.0725
SER  41,41,-0.0414
ALA  42,42,-0.0276
LEU  43,43,-0.0230
SER  44,44,-0.0076
GLU  45,45,0.0463
GLY  46,46,-0.0030
ALA  47,47,-0.0002
THR  48,48,-0.0008
PRO  49,49,-0.0010
GLN  50,50,-0.0022
ASP  51,51,0.0566
LEU  52,52,0.0061
ASN  53,53,0.0029
THR  54,54,-0.0061
MET  55,55,-0.0089
LEU  56,56,-0.0008
ASN  57,57,-0.0016
THR  58,58,-0.0156
VAL  59,59,-0.0034
ALA  60,60,0.0013
PRO  61,61,-0.0012
HID  62,62,0.0041
GLN  63,63,0.0043
ALA  64,64,0.0020
ALA  65,65,0.0001
ALA  66,66,0.0042
GLN  67,67,-0.0002
MET  68,68,-0.0006
LEU  69,69,-0.0099
LYS  70,70,-0.0610
GLU  71,71,0.0732
THR  72,72,-0.0060
ILE  73,73,-0.0007
ASN  74,74,-0.0011
GLU  75,75,0.1066
GLU  76,76,0.1450
ALA  77,77,-0.0001
ALA  78,78,-0.0015
GLU  79,79,0.1160
TRP  80,80,-0.0002
ASP  81,81,0.0852
ARG  82,82,-0.1099
LEU  83,83,-0.0031
HID  84,84,0.0001
PRO  85,85,0.0003
VAL  86,86,-0.0006
HID  87,87,0.0016
ALA  88,88,0.0005
GLY  89,89,-0.0002
PRO  90,90,0.0010
ILE  91,91,-0.0006
ALA  92,92,0.0001
PRO  93,93,0.0014
GLY  94,94,0.0006
GLN  95,95,-0.0015
MET  96,96,0.0004
ARG  97,97,-0.0782
GLU  98,98,0.0878
PRO  99,99,0.0002
ARG 100,100,-0.0825
GLY 101,101,0.0010
SER 102,102,-0.0013
ASP 103,103,0.0805
ILE 104,104,-0.0013
ALA 105,105,-0.0025
GLY 106,106,-0.0018
THR 107,107,-0.0018
THR 108,108,-0.0002
SER 109,109,-0.0008
THR 110,110,0.0014
LEU 111,111,0.0016
GLN 112,112,0.0006
GLU 113,113,0.0766
GLN 114,114,0.0005
ILE 115,115,0.0012
GLY 116,116,-0.0001
TRP 117,117,-0.0000
MET 118,118,-0.0000
THR 119,119,-0.0012
HID 120,120,-0.0010
ASN 121,121,0.0004
PRO 122,122,-0.0021
PRO 123,123,0.0025
ILE 124,124,-0.0028
PRO 125,125,0.0004
VAL 126,126,0.0026
GLY 127,127,0.0045
GLU 128,128,0.1116
ILE 129,129,0.0041
TYR 130,130,0.0084
LYS 131,131,-0.1103
ARG 132,132,-0.2061
TRP 133,133,0.0009
ILE 134,134,0.0058
ILE 135,135,-0.0374
LEU 136,136,-0.0039
GLY 137,137,-0.0014
LEU 138,138,-0.0108
ASN 139,139,0.2080
LYS 140,140,-0.1653
ILE 141,141,-0.0437
VAL 142,142,-0.2303
ARG 143,143,-11.4516
MET 144,144,-0.0339
TYR 145,145,-0.0652
SER 146,146,-0.1260
PRO 147,147,-0.4193
THR 148,148,-0.7031
SER 149,149,-2.3743
ILE 150,150,-9.9327
LEU 151,151,-6.1950
ASP 152,152,-0.4139
ILE 153,153,-2.3249
ARG 154,154,-0.3568
GLN 155,155,0.0036
GLY 156,156,0.0028
PRO 157,157,-0.0050
LYS 158,158,-0.0176
GLU 159,159,0.0657
PRO 160,160,0.0139
PHE 161,161,0.0209
ARG 162,162,0.0455
ASP 163,163,-0.0648
TYR 164,164,0.0617
VAL 165,165,0.0046
ASP 166,166,-0.0520
ARG 167,167,-0.4042
PHE 168,168,-1.1606
TYR 169,169,-0.1178
LYS 170,170,-0.0889
THR 171,171,-1.1833
LEU 172,172,-0.9479
ARG 173,173,-4.9269
ALA 174,174,-0.3244
GLU 175,175,9.5388
GLN 176,176,-0.9528
ALA 177,177,-0.1051
SER 178,178,-0.0359
GLN 179,179,-0.0208
GLU 180,180,0.0232
VAL 181,181,-0.0552
LYS 182,182,-0.1133
ASN 183,183,-0.0114
TRP 184,184,-0.0442
MET 185,185,-0.5133
THR 186,186,-0.0091
GLU 187,187,-0.0124
THR 188,188,-0.0527
LEU 189,189,-0.7656
LEU 190,190,-0.0030
VAL 191,191,0.0129
GLN 192,192,-0.0903
ASN 193,193,-0.9496
ALA 194,194,-0.0113
ASN 195,195,0.0038
PRO 196,196,-0.0007
ASP 197,197,0.0110
CYX 198,198,-0.0059
LYS 199,199,-0.0483
THR 200,200,-0.0015
ILE 201,201,-0.0037
LEU 202,202,-0.0096
LYS 203,203,-0.0136
ALA 204,204,-0.0012
LEU 205,205,-0.0001
GLY 206,206,-0.0018
PRO 207,207,-0.0025
GLY 208,208,-0.0020
ALA 209,209,-0.0002
THR 210,210,0.0028
LEU 211,211,-0.0014
GLU 212,212,-0.0631
GLU 213,213,-0.0437
MET 214,214,0.0017
MET 215,215,-0.0014
THR 216,216,-0.0015
ALA 217,217,-0.0029
CYX 218,218,-0.0024
GLN 219,219,0.0016
GLY 220,220,0.0008
VAL 221,221,-0.0146
