Residue Name,Residue Number,Binding Free Energy (kcal/mol)
PRO   1,1,-6.8560
ILE   2,2,12.2644
VAL   3,3,-10.6392
GLN   4,4,-52.1137
ASN   5,5,-68.7093
LEU   6,6,-5.0647
GLN   7,7,-54.2699
GLY   8,8,-0.9100
GLN   9,9,-48.4990
MET  10,10,10.0233
VAL  11,11,-9.2336
HID  12,12,13.7826
GLN  13,13,-54.5177
ALA  14,14,8.6834
ILE  15,15,12.0681
SER  16,16,7.5627
PRO  17,17,23.0393
ARG  18,18,-162.9344
THR  19,19,-20.3035
LEU  20,20,-12.5707
ASN  21,21,-70.8637
ALA  22,22,5.9222
TRP  23,23,18.3191
VAL  24,24,-3.1955
LYS  25,25,-3.6965
VAL  26,26,-13.3612
VAL  27,27,-14.0297
GLU  28,28,-62.4888
GLU  29,29,-55.9662
LYS  30,30,-6.7278
ALA  31,31,3.2882
PHE  32,32,13.6466
SER  33,33,11.1138
PRO  34,34,12.4431
GLU  35,35,-58.3898
VAL  36,36,-10.5256
ILE  37,37,20.3192
PRO  38,38,15.4492
MET  39,39,9.0346
PHE  40,40,5.8866
SER  41,41,-0.1219
ALA  42,42,8.9807
LEU  43,43,-10.8056
SER  44,44,-8.0209
GLU  45,45,-58.3533
GLY  46,46,-4.5416
ALA  47,47,4.2470
THR  48,48,-10.2053
PRO  49,49,9.8702
GLN  50,50,-57.8833
ASP  51,51,-57.4290
LEU  52,52,-17.0163
ASN  53,53,-76.1501
THR  54,54,-20.8370
MET  55,55,4.2715
LEU  56,56,-12.8400
ASN  57,57,-71.6465
THR  58,58,-15.7351
VAL  59,59,-9.9613
ALA  60,60,18.5394
PRO  61,61,16.5794
HID  62,62,16.0571
GLN  63,63,-51.7886
ALA  64,64,6.6058
ALA  65,65,5.2976
ALA  66,66,4.5815
GLN  67,67,-52.9181
MET  68,68,5.3799
LEU  69,69,-6.9660
LYS  70,70,-8.3730
GLU  71,71,-67.1804
THR  72,72,-20.1589
ILE  73,73,9.0057
ASN  74,74,-72.6268
GLU  75,75,-60.5115
GLU  76,76,-59.1754
ALA  77,77,3.7287
ALA  78,78,4.1264
GLU  79,79,-58.1148
TRP  80,80,13.0257
ASP  81,81,-45.9425
ARG  82,82,-170.7887
LEU  83,83,-15.2813
HID  84,84,26.5647
PRO  85,85,19.3427
VAL  86,86,-8.3071
HID  87,87,17.5873
ALA  88,88,9.0652
GLY  89,89,10.3430
PRO  90,90,19.8160
ILE  91,91,11.3891
ALA  92,92,18.4900
PRO  93,93,18.8124
GLY  94,94,-2.2588
GLN  95,95,-52.4931
MET  96,96,16.7585
ARG  97,97,-186.3480
GLU  98,98,-52.7176
PRO  99,99,19.2401
ARG 100,100,-173.4102
GLY 101,101,-10.8212
SER 102,102,-5.0467
ASP 103,103,-54.9804
ILE 104,104,8.0745
ALA 105,105,1.4970
GLY 106,106,-3.8664
THR 107,107,-17.0875
THR 108,108,-22.0526
SER 109,109,-2.1348
THR 110,110,-16.9229
LEU 111,111,-11.1217
GLN 112,112,-56.3060
GLU 113,113,-54.1373
GLN 114,114,-55.9796
ILE 115,115,6.4653
GLY 116,116,-3.1466
TRP 117,117,12.4068
MET 118,118,2.7392
THR 119,119,-20.0709
HID 120,120,14.7358
ASN 121,121,-54.9695
PRO 122,122,27.6386
PRO 123,123,15.1512
ILE 124,124,23.2164
PRO 125,125,18.9970
VAL 126,126,-10.6091
GLY 127,127,-6.3095
GLU 128,128,-56.5515
ILE 129,129,8.0613
TYR 130,130,-10.0433
LYS 131,131,-2.6361
ARG 132,132,-167.6744
TRP 133,133,11.5395
ILE 134,134,6.5774
ILE 135,135,8.1118
LEU 136,136,-12.4991
GLY 137,137,-4.9314
LEU 138,138,-14.3175
ASN 139,139,-66.9154
LYS 140,140,-3.8150
ILE 141,141,4.3194
VAL 142,142,-5.3347
ARG 143,143,-171.0901
MET 144,144,3.5104
TYR 145,145,-8.5066
SER 146,146,12.6196
PRO 147,147,18.0254
THR 148,148,-15.9081
SER 149,149,0.5587
ILE 150,150,11.4167
LEU 151,151,-11.8499
ASP 152,152,-65.1049
ILE 153,153,17.5820
ARG 154,154,-167.2323
GLN 155,155,-66.8400
GLY 156,156,8.3195
PRO 157,157,24.0250
LYS 158,158,-3.1886
GLU 159,159,-46.3610
PRO 160,160,15.4679
PHE 161,161,16.1821
ARG 162,162,-173.4080
ASP 163,163,-69.5197
TYR 164,164,-13.4617
VAL 165,165,-13.3594
ASP 166,166,-56.4753
ARG 167,167,-180.8328
PHE 168,168,0.8180
TYR 169,169,-2.9441
LYS 170,170,-10.9970
THR 171,171,-21.6054
LEU 172,172,-6.7531
ARG 173,173,-164.3667
ALA 174,174,-2.1077
GLU 175,175,-52.7866
GLN 176,176,-52.3993
ALA 177,177,6.8050
SER 178,178,-0.8983
GLN 179,179,-54.6315
GLU 180,180,-60.1690
VAL 181,181,-3.3581
LYS 182,182,-7.4661
ASN 183,183,-74.9188
TRP 184,184,17.5100
MET 185,185,3.6405
THR 186,186,-19.6997
GLU 187,187,-57.7214
THR 188,188,-13.6050
LEU 189,189,-9.1383
LEU 190,190,-13.7827
VAL 191,191,-10.0875
GLN 192,192,-55.7797
ASN 193,193,-73.4592
ALA 194,194,2.9195
ASN 195,195,-59.7243
PRO 196,196,13.4802
ASP 197,197,-65.9013
CYX 198,198,11.8736
LYS 199,199,-4.6925
THR 200,200,-20.6119
ILE 201,201,14.8866
LEU 202,202,-8.4407
LYS 203,203,-3.2002
ALA 204,204,4.3983
LEU 205,205,-10.5096
GLY 206,206,8.5824
PRO 207,207,17.6563
GLY 208,208,-3.1286
ALA 209,209,5.8181
THR 210,210,-14.0335
LEU 211,211,-11.2277
GLU 212,212,-62.2370
GLU 213,213,-57.9228
MET 214,214,6.8075
MET 215,215,5.9948
THR 216,216,-18.1084
ALA 217,217,5.6815
CYX 218,218,6.3162
GLN 219,219,-49.6330
GLY 220,220,6.0385
VAL 221,221,-98.1144
PRO   1,1,-6.8030
ILE   2,2,12.2650
VAL   3,3,-10.6394
GLN   4,4,-52.1133
ASN   5,5,-68.7095
LEU   6,6,-5.0650
GLN   7,7,-54.2699
GLY   8,8,-0.9101
GLN   9,9,-48.4992
MET  10,10,10.0237
VAL  11,11,-9.2334
HID  12,12,13.7828
GLN  13,13,-54.5173
ALA  14,14,8.6832
ILE  15,15,12.0687
SER  16,16,7.5647
PRO  17,17,23.0406
ARG  18,18,-162.8859
THR  19,19,-20.2999
LEU  20,20,-12.5667
ASN  21,21,-70.8597
ALA  22,22,5.9276
TRP  23,23,18.3397
VAL  24,24,-3.1880
LYS  25,25,-3.6564
VAL  26,26,-13.3248
VAL  27,27,-14.0019
GLU  28,28,-62.4752
GLU  29,29,-55.9220
LYS  30,30,-6.9385
ALA  31,31,3.3276
PHE  32,32,13.7258
SER  33,33,10.8745
PRO  34,34,13.6130
GLU  35,35,-59.2722
VAL  36,36,-10.5614
ILE  37,37,20.4373
PRO  38,38,15.4800
MET  39,39,9.0235
PHE  40,40,5.8807
SER  41,41,-0.1284
ALA  42,42,8.9765
LEU  43,43,-10.8101
SER  44,44,-8.0232
GLU  45,45,-58.3943
GLY  46,46,-4.5421
ALA  47,47,4.2473
THR  48,48,-10.2028
PRO  49,49,9.8723
GLN  50,50,-57.8821
ASP  51,51,-57.4786
LEU  52,52,-17.0134
ASN  53,53,-76.1466
THR  54,54,-20.8354
MET  55,55,4.2737
LEU  56,56,-12.8356
ASN  57,57,-71.6446
THR  58,58,-15.7352
VAL  59,59,-9.9582
ALA  60,60,18.5397
PRO  61,61,16.5801
HID  62,62,16.0616
GLN  63,63,-51.7876
ALA  64,64,6.6042
ALA  65,65,5.3003
ALA  66,66,4.5841
GLN  67,67,-52.9157
MET  68,68,5.3858
LEU  69,69,-6.9647
LYS  70,70,-8.3143
GLU  71,71,-67.2645
THR  72,72,-20.1618
ILE  73,73,9.0056
ASN  74,74,-72.6226
GLU  75,75,-60.6235
GLU  76,76,-59.2778
ALA  77,77,3.7295
ALA  78,78,4.1279
GLU  79,79,-58.2196
TRP  80,80,13.0253
ASP  81,81,-46.0090
ARG  82,82,-170.6947
LEU  83,83,-15.2803
HID  84,84,26.5659
PRO  85,85,19.3434
VAL  86,86,-8.3072
HID  87,87,17.5870
ALA  88,88,9.0652
GLY  89,89,10.3420
PRO  90,90,19.8157
ILE  91,91,11.3902
ALA  92,92,18.4889
PRO  93,93,18.8121
GLY  94,94,-2.2590
GLN  95,95,-52.4939
MET  96,96,16.7595
ARG  97,97,-186.2766
GLU  98,98,-52.7909
PRO  99,99,19.2402
ARG 100,100,-173.3460
GLY 101,101,-10.8203
SER 102,102,-5.0465
ASP 103,103,-55.0447
ILE 104,104,8.0764
ALA 105,105,1.4980
GLY 106,106,-3.8663
THR 107,107,-17.0871
THR 108,108,-22.0527
SER 109,109,-2.1336
THR 110,110,-16.9237
LEU 111,111,-11.1224
GLN 112,112,-56.3069
GLU 113,113,-54.2045
GLN 114,114,-55.9786
ILE 115,115,6.4653
GLY 116,116,-3.1461
TRP 117,117,12.4078
MET 118,118,2.7396
THR 119,119,-20.0706
HID 120,120,14.7360
ASN 121,121,-54.9694
PRO 122,122,27.6387
PRO 123,123,15.1510
ILE 124,124,23.2173
PRO 125,125,18.9987
VAL 126,126,-10.6074
GLY 127,127,-6.3069
GLU 128,128,-56.5856
ILE 129,129,8.0647
TYR 130,130,-10.0386
LYS 131,131,-2.5992
ARG 132,132,-167.6001
TRP 133,133,11.5503
ILE 134,134,6.6018
ILE 135,135,8.1855
LEU 136,136,-12.4222
GLY 137,137,-4.8853
LEU 138,138,-14.0741
ASN 139,139,-65.3691
LYS 140,140,-3.4728
ILE 141,141,4.3272
VAL 142,142,-4.4020
ARG 143,143,-163.1400
MET 144,144,3.5416
TYR 145,145,-8.3733
SER 146,146,12.2573
PRO 147,147,18.3900
THR 148,148,-15.3904
SER 149,149,4.0672
ILE 150,150,23.9902
LEU   1,1,-5.7818
ASP   2,2,-65.1531
ILE   3,3,20.0749
ARG   4,4,-166.9345
GLN   5,5,-66.8367
GLY   6,6,8.3197
PRO   7,7,24.0297
LYS   8,8,-3.1405
GLU   9,9,-46.4866
PRO  10,10,15.4573
PHE  11,11,16.1721
ARG  12,12,-173.4013
ASP  13,13,-69.5343
TYR  14,14,-13.4608
VAL  15,15,-13.3401
ASP  16,16,-56.4515
ARG  17,17,-180.4347
PHE  18,18,1.8490
TYR  19,19,-2.6129
LYS  20,20,-10.4639
THR  21,21,-20.1206
LEU  22,22,-5.5090
ARG  23,23,-162.7766
ALA  24,24,0.0973
GLU  25,25,-61.1172
GLN  26,26,-51.2226
ALA  27,27,6.9288
SER  28,28,-0.8501
GLN  29,29,-54.5932
GLU  30,30,-60.2293
VAL  31,31,-3.2961
LYS  32,32,-7.4432
ASN  33,33,-74.8974
TRP  34,34,17.5561
MET  35,35,4.2264
THR  36,36,-19.6647
GLU  37,37,-57.7577
THR  38,38,-13.5680
LEU  39,39,-8.3898
LEU  40,40,-13.7726
VAL  41,41,-10.0953
GLN  42,42,-55.7014
ASN  43,43,-72.9625
ALA  44,44,2.9332
ASN  45,45,-59.7250
PRO  46,46,13.4803
ASP  47,47,-65.9385
CYX  48,48,11.8777
LYS  49,49,-4.6173
THR  50,50,-20.6113
ILE  51,51,14.8900
LEU  52,52,-8.4320
LYS  53,53,-3.1465
ALA  54,54,4.3999
LEU  55,55,-10.5107
GLY  56,56,8.5817
PRO  57,57,17.6604
GLY  58,58,-3.1245
ALA  59,59,5.8188
THR  60,60,-14.0357
LEU  61,61,-11.2213
GLU  62,62,-62.2243
GLU  63,63,-57.9217
MET  64,64,6.8058
MET  65,65,6.0016
THR  66,66,-18.1067
ALA  67,67,5.6833
CYX  68,68,6.3208
GLN  69,69,-49.6324
GLY  70,70,6.0375
VAL  71,71,-98.1101
PRO   1,1,-0.0530
ILE   2,2,-0.0006
VAL   3,3,0.0002
GLN   4,4,-0.0004
ASN   5,5,0.0001
LEU   6,6,0.0003
GLN   7,7,0.0001
GLY   8,8,0.0001
GLN   9,9,0.0001
MET  10,10,-0.0004
VAL  11,11,-0.0002
HID  12,12,-0.0002
GLN  13,13,-0.0004
ALA  14,14,0.0001
ILE  15,15,-0.0006
SER  16,16,-0.0020
PRO  17,17,-0.0012
ARG  18,18,-0.0485
THR  19,19,-0.0036
LEU  20,20,-0.0040
ASN  21,21,-0.0040
ALA  22,22,-0.0053
TRP  23,23,-0.0206
VAL  24,24,-0.0075
LYS  25,25,-0.0401
VAL  26,26,-0.0364
VAL  27,27,-0.0278
GLU  28,28,-0.0136
GLU  29,29,-0.0442
LYS  30,30,0.2106
ALA  31,31,-0.0394
PHE  32,32,-0.0792
SER  33,33,0.2393
PRO  34,34,-1.1699
GLU  35,35,0.8823
VAL  36,36,0.0358
ILE  37,37,-0.1180
PRO  38,38,-0.0307
MET  39,39,0.0111
PHE  40,40,0.0059
SER  41,41,0.0066
ALA  42,42,0.0042
LEU  43,43,0.0045
SER  44,44,0.0023
GLU  45,45,0.0409
GLY  46,46,0.0004
ALA  47,47,-0.0002
THR  48,48,-0.0025
PRO  49,49,-0.0021
GLN  50,50,-0.0012
ASP  51,51,0.0496
LEU  52,52,-0.0029
ASN  53,53,-0.0035
THR  54,54,-0.0016
MET  55,55,-0.0022
LEU  56,56,-0.0043
ASN  57,57,-0.0018
THR  58,58,0.0001
VAL  59,59,-0.0031
ALA  60,60,-0.0004
PRO  61,61,-0.0007
HID  62,62,-0.0046
GLN  63,63,-0.0010
ALA  64,64,0.0016
ALA  65,65,-0.0028
ALA  66,66,-0.0026
GLN  67,67,-0.0023
MET  68,68,-0.0059
LEU  69,69,-0.0013
LYS  70,70,-0.0586
GLU  71,71,0.0841
THR  72,72,0.0029
ILE  73,73,0.0000
ASN  74,74,-0.0042
GLU  75,75,0.1120
GLU  76,76,0.1024
ALA  77,77,-0.0008
ALA  78,78,-0.0015
GLU  79,79,0.1048
TRP  80,80,0.0004
ASP  81,81,0.0666
ARG  82,82,-0.0940
LEU  83,83,-0.0009
HID  84,84,-0.0012
PRO  85,85,-0.0007
VAL  86,86,0.0001
HID  87,87,0.0004
ALA  88,88,0.0000
GLY  89,89,0.0010
PRO  90,90,0.0003
ILE  91,91,-0.0011
ALA  92,92,0.0011
PRO  93,93,0.0003
GLY  94,94,0.0001
GLN  95,95,0.0008
MET  96,96,-0.0010
ARG  97,97,-0.0715
GLU  98,98,0.0733
PRO  99,99,-0.0001
ARG 100,100,-0.0643
GLY 101,101,-0.0009
SER 102,102,-0.0002
ASP 103,103,0.0643
ILE 104,104,-0.0020
ALA 105,105,-0.0009
GLY 106,106,-0.0001
THR 107,107,-0.0005
THR 108,108,0.0000
SER 109,109,-0.0012
THR 110,110,0.0008
LEU 111,111,0.0007
GLN 112,112,0.0009
GLU 113,113,0.0672
GLN 114,114,-0.0010
ILE 115,115,-0.0000
GLY 116,116,-0.0005
TRP 117,117,-0.0010
MET 118,118,-0.0004
THR 119,119,-0.0003
HID 120,120,-0.0003
ASN 121,121,-0.0000
PRO 122,122,-0.0001
PRO 123,123,0.0002
ILE 124,124,-0.0009
PRO 125,125,-0.0017
VAL 126,126,-0.0017
GLY 127,127,-0.0025
GLU 128,128,0.0341
ILE 129,129,-0.0034
TYR 130,130,-0.0047
LYS 131,131,-0.0368
ARG 132,132,-0.0743
TRP 133,133,-0.0108
ILE 134,134,-0.0244
ILE 135,135,-0.0738
LEU 136,136,-0.0769
GLY 137,137,-0.0460
LEU 138,138,-0.2434
ASN 139,139,-1.5463
LYS 140,140,-0.3422
ILE 141,141,-0.0079
VAL 142,142,-0.9327
ARG 143,143,-7.9501
MET 144,144,-0.0311
TYR 145,145,-0.1333
SER 146,146,0.3623
PRO 147,147,-0.3645
THR 148,148,-0.5177
SER 149,149,-3.5084
ILE 150,150,-12.5735
LEU 151,151,-6.0681
ASP 152,152,0.0481
ILE 153,153,-2.4929
ARG 154,154,-0.2978
GLN 155,155,-0.0033
GLY 156,156,-0.0002
PRO 157,157,-0.0046
LYS 158,158,-0.0481
GLU 159,159,0.1256
PRO 160,160,0.0105
PHE 161,161,0.0099
ARG 162,162,-0.0067
ASP 163,163,0.0146
TYR 164,164,-0.0009
VAL 165,165,-0.0193
ASP 166,166,-0.0238
ARG 167,167,-0.3981
PHE 168,168,-1.0310
TYR 169,169,-0.3312
LYS 170,170,-0.5331
THR 171,171,-1.4849
LEU 172,172,-1.2442
ARG 173,173,-1.5901
ALA 174,174,-2.2050
GLU 175,175,8.3306
GLN 176,176,-1.1767
ALA 177,177,-0.1238
SER 178,178,-0.0482
GLN 179,179,-0.0382
GLU 180,180,0.0603
VAL 181,181,-0.0621
LYS 182,182,-0.0229
ASN 183,183,-0.0213
TRP 184,184,-0.0461
MET 185,185,-0.5859
THR 186,186,-0.0350
GLU 187,187,0.0364
THR 188,188,-0.0370
LEU 189,189,-0.7486
LEU 190,190,-0.0101
VAL 191,191,0.0078
GLN 192,192,-0.0783
ASN 193,193,-0.4967
ALA 194,194,-0.0137
ASN 195,195,0.0007
PRO 196,196,-0.0001
ASP 197,197,0.0372
CYX 198,198,-0.0041
LYS 199,199,-0.0752
THR 200,200,-0.0006
ILE 201,201,-0.0034
LEU 202,202,-0.0087
LYS 203,203,-0.0537
ALA 204,204,-0.0016
LEU 205,205,0.0011
GLY 206,206,0.0007
PRO 207,207,-0.0041
GLY 208,208,-0.0040
ALA 209,209,-0.0007
THR 210,210,0.0023
LEU 211,211,-0.0064
GLU 212,212,-0.0127
GLU 213,213,-0.0011
MET 214,214,0.0018
MET 215,215,-0.0068
THR 216,216,-0.0017
ALA 217,217,-0.0018
CYX 218,218,-0.0046
GLN 219,219,-0.0006
GLY 220,220,0.0010
VAL 221,221,-0.0042
