Residue Name,Residue Number,Binding Free Energy (kcal/mol)
PRO   1,1,-3.2230
ILE   2,2,13.8235
VAL   3,3,-9.0056
GLN   4,4,-53.9582
ASN   5,5,-66.7805
LEU   6,6,-6.0372
GLN   7,7,-53.5686
GLY   8,8,-3.6571
GLN   9,9,-54.7572
MET  10,10,9.4493
VAL  11,11,-9.7241
HID  12,12,14.9323
GLN  13,13,-54.8421
ALA  14,14,8.2585
ILE  15,15,11.6819
SER  16,16,7.6207
PRO  17,17,22.9441
ARG  18,18,-162.7131
THR  19,19,-21.2308
LEU  20,20,-12.6723
ASN  21,21,-71.5802
ALA  22,22,5.7111
TRP  23,23,16.7591
VAL  24,24,-3.5821
LYS  25,25,-4.3174
VAL  26,26,-12.6823
VAL  27,27,-12.8097
GLU  28,28,-60.3437
GLU  29,29,-52.7523
LYS  30,30,-3.6223
ALA  31,31,4.1888
PHE  32,32,15.2317
SER  33,33,12.2631
PRO  34,34,13.4550
GLU  35,35,-54.3575
VAL  36,36,-10.4939
ILE  37,37,20.4952
PRO  38,38,15.7894
MET  39,39,7.7374
PHE  40,40,4.6279
SER  41,41,0.1650
ALA  42,42,8.6495
LEU  43,43,-10.7404
SER  44,44,-7.1247
GLU  45,45,-59.2392
GLY  46,46,-3.4642
ALA  47,47,4.9826
THR  48,48,-8.7590
PRO  49,49,10.5091
GLN  50,50,-59.2632
ASP  51,51,-60.2786
LEU  52,52,-16.3038
ASN  53,53,-74.9234
THR  54,54,-19.3852
MET  55,55,4.2652
LEU  56,56,-11.9481
ASN  57,57,-71.3022
THR  58,58,-15.3045
VAL  59,59,-10.1595
ALA  60,60,18.7793
PRO  61,61,15.7573
HID  62,62,17.2287
GLN  63,63,-50.9703
ALA  64,64,7.0723
ALA  65,65,5.4274
ALA  66,66,3.8735
GLN  67,67,-53.5715
MET  68,68,5.3267
LEU  69,69,-8.0308
LYS  70,70,-7.0685
GLU  71,71,-67.4416
THR  72,72,-18.8600
ILE  73,73,7.9999
ASN  74,74,-73.3939
GLU  75,75,-62.2712
GLU  76,76,-60.2572
ALA  77,77,3.5647
ALA  78,78,4.7772
GLU  79,79,-56.9672
TRP  80,80,11.1450
ASP  81,81,-46.8599
ARG  82,82,-169.8780
LEU  83,83,-16.2478
HID  84,84,24.7985
PRO  85,85,20.1153
VAL  86,86,-7.6030
HID  87,87,14.0487
ALA  88,88,9.1265
GLY  89,89,10.0548
PRO  90,90,15.6804
ILE  91,91,10.1014
ALA  92,92,17.6266
PRO  93,93,18.3706
GLY  94,94,-2.3090
GLN  95,95,-52.6002
MET  96,96,14.5758
ARG  97,97,-186.6826
GLU  98,98,-44.2715
PRO  99,99,18.0151
ARG 100,100,-181.0098
GLY 101,101,-10.5186
SER 102,102,-5.6080
ASP 103,103,-52.8540
ILE 104,104,7.9010
ALA 105,105,1.1091
GLY 106,106,-3.7957
THR 107,107,-17.0594
THR 108,108,-21.8061
SER 109,109,-2.5556
THR 110,110,-15.2215
LEU 111,111,-9.3262
GLN 112,112,-56.4244
GLU 113,113,-53.7697
GLN 114,114,-56.2383
ILE 115,115,7.6170
GLY 116,116,-3.5047
TRP 117,117,13.6848
MET 118,118,5.1644
THR 119,119,-17.7496
HID 120,120,15.3222
ASN 121,121,-55.1052
PRO 122,122,27.2441
PRO 123,123,15.9082
ILE 124,124,24.1213
PRO 125,125,17.2882
VAL 126,126,-10.5650
GLY 127,127,-6.5709
GLU 128,128,-58.2271
ILE 129,129,8.1853
TYR 130,130,-9.2403
LYS 131,131,-2.4272
ARG 132,132,-164.5916
TRP 133,133,11.2087
ILE 134,134,6.3639
ILE 135,135,9.1072
LEU 136,136,-12.7852
GLY 137,137,-4.5757
LEU 138,138,-14.0096
ASN 139,139,-65.7135
LYS 140,140,-3.3127
ILE 141,141,4.5907
VAL 142,142,-4.9541
ARG 143,143,-163.1067
MET 144,144,3.7514
TYR 145,145,-9.2850
SER 146,146,11.8802
PRO 147,147,16.1495
THR 148,148,-19.8657
SER 149,149,0.1061
ILE 150,150,14.9773
LEU 151,151,-8.8814
ASP 152,152,-64.4532
ILE 153,153,17.6321
ARG 154,154,-167.5836
GLN 155,155,-68.7307
GLY 156,156,7.6387
PRO 157,157,23.9696
LYS 158,158,-3.3427
GLU 159,159,-45.6941
PRO 160,160,14.6080
PHE 161,161,16.3939
ARG 162,162,-175.4808
ASP 163,163,-70.4627
TYR 164,164,-15.0457
VAL 165,165,-12.7641
ASP 166,166,-57.7951
ARG 167,167,-180.6741
PHE 168,168,0.2638
TYR 169,169,-4.5131
LYS 170,170,-9.7495
THR 171,171,-21.3536
LEU 172,172,-7.0486
ARG 173,173,-169.4054
ALA 174,174,-0.2452
GLU 175,175,-60.9971
GLN 176,176,-53.0913
ALA 177,177,5.7329
SER 178,178,-0.2985
GLN 179,179,-54.4688
GLU 180,180,-59.2653
VAL 181,181,-3.6079
LYS 182,182,-7.5079
ASN 183,183,-75.4116
TRP 184,184,18.1775
MET 185,185,4.7333
THR 186,186,-20.6526
GLU 187,187,-60.5949
THR 188,188,-13.8378
LEU 189,189,-6.1927
LEU 190,190,-14.7572
VAL 191,191,-10.2738
GLN 192,192,-54.6634
ASN 193,193,-73.6286
ALA 194,194,3.2920
ASN 195,195,-60.5085
PRO 196,196,13.2392
ASP 197,197,-67.0444
CYX 198,198,10.2644
LYS 199,199,-7.7552
THR 200,200,-21.1450
ILE 201,201,11.9408
LEU 202,202,-7.6622
LYS 203,203,-2.8504
ALA 204,204,4.5976
LEU 205,205,-10.7750
GLY 206,206,7.9312
PRO 207,207,18.2888
GLY 208,208,-1.6741
ALA 209,209,6.3655
THR 210,210,-14.7597
LEU 211,211,-11.8739
GLU 212,212,-61.9432
GLU 213,213,-60.2076
MET 214,214,6.8329
MET 215,215,5.2302
THR 216,216,-18.8041
ALA 217,217,6.1508
CYX 218,218,4.4743
GLN 219,219,-52.1292
GLY 220,220,6.6500
VAL 221,221,-99.0592
PRO   1,1,-3.1669
ILE   2,2,13.8237
VAL   3,3,-9.0053
GLN   4,4,-53.9581
ASN   5,5,-66.7801
LEU   6,6,-6.0371
GLN   7,7,-53.5684
GLY   8,8,-3.6567
GLN   9,9,-54.7573
MET  10,10,9.4490
VAL  11,11,-9.7236
HID  12,12,14.9324
GLN  13,13,-54.8421
ALA  14,14,8.2591
ILE  15,15,11.6813
SER  16,16,7.6223
PRO  17,17,22.9461
ARG  18,18,-162.6623
THR  19,19,-21.2252
LEU  20,20,-12.6673
ASN  21,21,-71.5799
ALA  22,22,5.7275
TRP  23,23,16.7872
VAL  24,24,-3.5699
LYS  25,25,-4.2347
VAL  26,26,-12.5880
VAL  27,27,-12.7841
GLU  28,28,-60.4823
GLU  29,29,-53.3315
LYS  30,30,-6.9331
ALA  31,31,4.3759
PHE  32,32,15.3395
SER  33,33,12.2766
PRO  34,34,13.7247
GLU  35,35,-58.4358
VAL  36,36,-10.4627
ILE  37,37,20.5211
PRO  38,38,15.8168
MET  39,39,7.7695
PHE  40,40,4.6311
SER  41,41,0.1638
ALA  42,42,8.6470
LEU  43,43,-10.7406
SER  44,44,-7.1270
GLU  45,45,-59.2797
GLY  46,46,-3.4649
ALA  47,47,4.9826
THR  48,48,-8.7580
PRO  49,49,10.5094
GLN  50,50,-59.2622
ASP  51,51,-60.3366
LEU  52,52,-16.3056
ASN  53,53,-74.9218
THR  54,54,-19.3841
MET  55,55,4.2667
LEU  56,56,-11.9473
ASN  57,57,-71.3023
THR  58,58,-15.3051
VAL  59,59,-10.1567
ALA  60,60,18.7794
PRO  61,61,15.7585
HID  62,62,17.2402
GLN  63,63,-50.9628
ALA  64,64,7.0786
ALA  65,65,5.4333
ALA  66,66,3.8770
GLN  67,67,-53.5672
MET  68,68,5.3325
LEU  69,69,-8.0274
LYS  70,70,-7.0069
GLU  71,71,-67.5069
THR  72,72,-18.8589
ILE  73,73,8.0012
ASN  74,74,-73.3916
GLU  75,75,-62.3410
GLU  76,76,-60.3220
ALA  77,77,3.5657
ALA  78,78,4.7781
GLU  79,79,-57.0314
TRP  80,80,11.1450
ASP  81,81,-46.9103
ARG  82,82,-169.8144
LEU  83,83,-16.2472
HID  84,84,24.7980
PRO  85,85,20.1151
VAL  86,86,-7.6030
HID  87,87,14.0498
ALA  88,88,9.1276
GLY  89,89,10.0542
PRO  90,90,15.6815
ILE  91,91,10.1021
ALA  92,92,17.6261
PRO  93,93,18.3707
GLY  94,94,-2.3094
GLN  95,95,-52.6002
MET  96,96,14.5772
ARG  97,97,-186.6268
GLU  98,98,-44.3206
PRO  99,99,18.0155
ARG 100,100,-180.9612
GLY 101,101,-10.5192
SER 102,102,-5.6080
ASP 103,103,-52.9085
ILE 104,104,7.9007
ALA 105,105,1.1093
GLY 106,106,-3.7957
THR 107,107,-17.0591
THR 108,108,-21.8056
SER 109,109,-2.5555
THR 110,110,-15.2219
LEU 111,111,-9.3263
GLN 112,112,-56.4249
GLU 113,113,-53.8301
GLN 114,114,-56.2381
ILE 115,115,7.6180
GLY 116,116,-3.5040
TRP 117,117,13.6844
MET 118,118,5.1651
THR 119,119,-17.7491
HID 120,120,15.3232
ASN 121,121,-55.1053
PRO 122,122,27.2443
PRO 123,123,15.9080
ILE 124,124,24.1217
PRO 125,125,17.2888
VAL 126,126,-10.5642
GLY 127,127,-6.5703
GLU 128,128,-58.2774
ILE 129,129,8.1855
TYR 130,130,-9.2405
LYS 131,131,-2.3810
ARG 132,132,-164.5215
TRP 133,133,11.2091
ILE 134,134,6.3660
ILE 135,135,9.1108
LEU 136,136,-12.7837
GLY 137,137,-4.5744
LEU 138,138,-13.9987
ASN 139,139,-65.7054
LYS 140,140,-3.2242
ILE 141,141,4.6106
VAL 142,142,-4.8965
ARG 143,143,-162.9342
MET 144,144,3.7779
TYR 145,145,-9.1237
SER 146,146,12.0186
PRO 147,147,16.9882
THR 148,148,-16.0223
SER 149,149,3.8572
ILE 150,150,24.9704
LEU   1,1,-3.0791
ASP   2,2,-63.4920
ILE   3,3,20.2157
ARG   4,4,-167.3095
GLN   5,5,-68.6912
GLY   6,6,7.6604
PRO   7,7,23.9829
LYS   8,8,-3.2631
GLU   9,9,-45.7234
PRO  10,10,14.6200
PHE  11,11,16.4092
ARG  12,12,-175.3892
ASP  13,13,-70.5882
TYR  14,14,-14.9428
VAL  15,15,-12.7057
ASP  16,16,-57.7755
ARG  17,17,-178.8400
PHE  18,18,0.6551
TYR  19,19,-4.3711
LYS  20,20,-8.5000
THR  21,21,-19.4194
LEU  22,22,-6.4758
ARG  23,23,-164.4516
ALA  24,24,0.3788
GLU  25,25,-62.0334
GLN  26,26,-52.9716
ALA  27,27,5.7683
SER  28,28,-0.2760
GLN  29,29,-54.4570
GLU  30,30,-59.2915
VAL  31,31,-3.5627
LYS  32,32,-7.4666
ASN  33,33,-75.4049
TRP  34,34,18.2052
MET  35,35,4.9433
THR  36,36,-20.6380
GLU  37,37,-60.6293
THR  38,38,-13.8282
LEU  39,39,-5.7392
LEU  40,40,-14.7283
VAL  41,41,-10.2647
GLN  42,42,-54.6412
ASN  43,43,-73.5287
ALA  44,44,3.3019
ASN  45,45,-60.5026
PRO  46,46,13.2417
ASP  47,47,-67.0883
CYX  48,48,10.2660
LYS  49,49,-7.7310
THR  50,50,-21.1453
ILE  51,51,11.9406
LEU  52,52,-7.6618
LYS  53,53,-2.8140
ALA  54,54,4.5993
LEU  55,55,-10.7728
GLY  56,56,7.9283
PRO  57,57,18.2877
GLY  58,58,-1.6729
ALA  59,59,6.3668
THR  60,60,-14.7601
LEU  61,61,-11.8689
GLU  62,62,-61.9860
GLU  63,63,-60.2587
MET  64,64,6.8347
MET  65,65,5.2324
THR  66,66,-18.8023
ALA  67,67,6.1507
CYX  68,68,4.4764
GLN  69,69,-52.1227
GLY  70,70,6.6504
VAL  71,71,-99.1264
PRO   1,1,-0.0561
ILE   2,2,-0.0002
VAL   3,3,-0.0003
GLN   4,4,-0.0000
ASN   5,5,-0.0004
LEU   6,6,-0.0001
GLN   7,7,-0.0002
GLY   8,8,-0.0004
GLN   9,9,0.0002
MET  10,10,0.0003
VAL  11,11,-0.0005
HID  12,12,-0.0001
GLN  13,13,0.0000
ALA  14,14,-0.0006
ILE  15,15,0.0007
SER  16,16,-0.0016
PRO  17,17,-0.0020
ARG  18,18,-0.0507
THR  19,19,-0.0056
LEU  20,20,-0.0050
ASN  21,21,-0.0003
ALA  22,22,-0.0164
TRP  23,23,-0.0281
VAL  24,24,-0.0122
LYS  25,25,-0.0827
VAL  26,26,-0.0944
VAL  27,27,-0.0256
GLU  28,28,0.1386
GLU  29,29,0.5793
LYS  30,30,3.3108
ALA  31,31,-0.1872
PHE  32,32,-0.1078
SER  33,33,-0.0135
PRO  34,34,-0.2698
GLU  35,35,4.0784
VAL  36,36,-0.0312
ILE  37,37,-0.0259
PRO  38,38,-0.0274
MET  39,39,-0.0321
PHE  40,40,-0.0032
SER  41,41,0.0012
ALA  42,42,0.0026
LEU  43,43,0.0002
SER  44,44,0.0023
GLU  45,45,0.0405
GLY  46,46,0.0007
ALA  47,47,-0.0000
THR  48,48,-0.0010
PRO  49,49,-0.0003
GLN  50,50,-0.0010
ASP  51,51,0.0580
LEU  52,52,0.0018
ASN  53,53,-0.0017
THR  54,54,-0.0011
MET  55,55,-0.0015
LEU  56,56,-0.0008
ASN  57,57,0.0001
THR  58,58,0.0006
VAL  59,59,-0.0028
ALA  60,60,-0.0002
PRO  61,61,-0.0012
HID  62,62,-0.0115
GLN  63,63,-0.0076
ALA  64,64,-0.0062
ALA  65,65,-0.0058
ALA  66,66,-0.0034
GLN  67,67,-0.0043
MET  68,68,-0.0058
LEU  69,69,-0.0033
LYS  70,70,-0.0616
GLU  71,71,0.0653
THR  72,72,-0.0011
ILE  73,73,-0.0013
ASN  74,74,-0.0023
GLU  75,75,0.0698
GLU  76,76,0.0648
ALA  77,77,-0.0011
ALA  78,78,-0.0008
GLU  79,79,0.0642
TRP  80,80,0.0000
ASP  81,81,0.0504
ARG  82,82,-0.0635
LEU  83,83,-0.0006
HID  84,84,0.0006
PRO  85,85,0.0002
VAL  86,86,0.0000
HID  87,87,-0.0012
ALA  88,88,-0.0011
GLY  89,89,0.0006
PRO  90,90,-0.0011
ILE  91,91,-0.0006
ALA  92,92,0.0005
PRO  93,93,-0.0001
GLY  94,94,0.0004
GLN  95,95,0.0000
MET  96,96,-0.0014
ARG  97,97,-0.0558
GLU  98,98,0.0491
PRO  99,99,-0.0004
ARG 100,100,-0.0487
GLY 101,101,0.0006
SER 102,102,0.0001
ASP 103,103,0.0545
ILE 104,104,0.0003
ALA 105,105,-0.0002
GLY 106,106,-0.0000
THR 107,107,-0.0002
THR 108,108,-0.0005
SER 109,109,-0.0001
THR 110,110,0.0004
LEU 111,111,0.0002
GLN 112,112,0.0005
GLU 113,113,0.0604
GLN 114,114,-0.0001
ILE 115,115,-0.0010
GLY 116,116,-0.0007
TRP 117,117,0.0004
MET 118,118,-0.0007
THR 119,119,-0.0005
HID 120,120,-0.0010
ASN 121,121,0.0001
PRO 122,122,-0.0001
PRO 123,123,0.0002
ILE 124,124,-0.0004
PRO 125,125,-0.0006
VAL 126,126,-0.0007
GLY 127,127,-0.0005
GLU 128,128,0.0503
ILE 129,129,-0.0002
TYR 130,130,0.0002
LYS 131,131,-0.0462
ARG 132,132,-0.0701
TRP 133,133,-0.0003
ILE 134,134,-0.0022
ILE 135,135,-0.0036
LEU 136,136,-0.0015
GLY 137,137,-0.0013
LEU 138,138,-0.0109
ASN 139,139,-0.0081
LYS 140,140,-0.0885
ILE 141,141,-0.0199
VAL 142,142,-0.0575
ARG 143,143,-0.1725
MET 144,144,-0.0265
TYR 145,145,-0.1613
SER 146,146,-0.1385
PRO 147,147,-0.8387
THR 148,148,-3.8434
SER 149,149,-3.7512
ILE 150,150,-9.9931
LEU 151,151,-5.8022
ASP 152,152,-0.9612
ILE 153,153,-2.5836
ARG 154,154,-0.2741
GLN 155,155,-0.0395
GLY 156,156,-0.0217
PRO 157,157,-0.0133
LYS 158,158,-0.0795
GLU 159,159,0.0293
PRO 160,160,-0.0120
PHE 161,161,-0.0153
ARG 162,162,-0.0916
ASP 163,163,0.1255
TYR 164,164,-0.1029
VAL 165,165,-0.0584
ASP 166,166,-0.0196
ARG 167,167,-1.8341
PHE 168,168,-0.3913
TYR 169,169,-0.1420
LYS 170,170,-1.2495
THR 171,171,-1.9342
LEU 172,172,-0.5728
ARG 173,173,-4.9538
ALA 174,174,-0.6241
GLU 175,175,1.0363
GLN 176,176,-0.1197
ALA 177,177,-0.0354
SER 178,178,-0.0225
GLN 179,179,-0.0117
GLU 180,180,0.0262
VAL 181,181,-0.0452
LYS 182,182,-0.0413
ASN 183,183,-0.0066
TRP 184,184,-0.0277
MET 185,185,-0.2100
THR 186,186,-0.0146
GLU 187,187,0.0344
THR 188,188,-0.0096
LEU 189,189,-0.4535
LEU 190,190,-0.0288
VAL 191,191,-0.0092
GLN 192,192,-0.0223
ASN 193,193,-0.0999
ALA 194,194,-0.0099
ASN 195,195,-0.0059
PRO 196,196,-0.0024
ASP 197,197,0.0439
CYX 198,198,-0.0016
LYS 199,199,-0.0242
THR 200,200,0.0002
ILE 201,201,0.0002
LEU 202,202,-0.0003
LYS 203,203,-0.0364
ALA 204,204,-0.0017
LEU 205,205,-0.0022
GLY 206,206,0.0029
PRO 207,207,0.0010
GLY 208,208,-0.0012
ALA 209,209,-0.0013
THR 210,210,0.0005
LEU 211,211,-0.0050
GLU 212,212,0.0427
GLU 213,213,0.0511
MET 214,214,-0.0018
MET 215,215,-0.0021
THR 216,216,-0.0018
ALA 217,217,0.0001
CYX 218,218,-0.0021
GLN 219,219,-0.0065
GLY 220,220,-0.0004
VAL 221,221,0.0673
