Residue Name,Residue Number,Binding Free Energy (kcal/mol)
PRO   1,1,-1.8672
ILE   2,2,14.6655
VAL   3,3,-10.2090
GLN   4,4,-54.7359
ASN   5,5,-66.1080
LEU   6,6,-6.1460
GLN   7,7,-53.6248
GLY   8,8,-3.4950
GLN   9,9,-54.3881
MET  10,10,9.8003
VAL  11,11,-9.6741
HID  12,12,17.2328
GLN  13,13,-55.4921
ALA  14,14,8.5562
ILE  15,15,11.3257
SER  16,16,6.7712
PRO  17,17,23.5641
ARG  18,18,-162.8531
THR  19,19,-21.2773
LEU  20,20,-12.2101
ASN  21,21,-70.8366
ALA  22,22,6.6534
TRP  23,23,16.4911
VAL  24,24,-2.3960
LYS  25,25,-4.0060
VAL  26,26,-12.3113
VAL  27,27,-14.4666
GLU  28,28,-58.2048
GLU  29,29,-50.9127
LYS  30,30,-6.5882
ALA  31,31,3.3638
PHE  32,32,11.9808
SER  33,33,9.1477
PRO  34,34,14.0264
GLU  35,35,-58.7104
VAL  36,36,-10.2029
ILE  37,37,19.8100
PRO  38,38,15.7327
MET  39,39,8.3750
PHE  40,40,4.4591
SER  41,41,-0.1173
ALA  42,42,9.2545
LEU  43,43,-11.3395
SER  44,44,-8.1978
GLU  45,45,-58.5430
GLY  46,46,-3.5232
ALA  47,47,5.6519
THR  48,48,-9.2029
PRO  49,49,9.9695
GLN  50,50,-56.7420
ASP  51,51,-60.1470
LEU  52,52,-16.4564
ASN  53,53,-74.4231
THR  54,54,-18.4589
MET  55,55,3.7245
LEU  56,56,-12.7137
ASN  57,57,-70.9981
THR  58,58,-14.7567
VAL  59,59,-9.6474
ALA  60,60,19.0120
PRO  61,61,16.0859
HID  62,62,15.6733
GLN  63,63,-51.3689
ALA  64,64,7.4474
ALA  65,65,6.5909
ALA  66,66,4.0096
GLN  67,67,-53.4833
MET  68,68,6.3770
LEU  69,69,-7.2699
LYS  70,70,-6.1300
GLU  71,71,-65.8624
THR  72,72,-19.0051
ILE  73,73,9.0895
ASN  74,74,-73.7616
GLU  75,75,-62.1004
GLU  76,76,-61.6856
ALA  77,77,4.0336
ALA  78,78,4.2594
GLU  79,79,-60.8014
TRP  80,80,11.0135
ASP  81,81,-49.2439
ARG  82,82,-170.0542
LEU  83,83,-14.8955
HID  84,84,21.3790
PRO  85,85,19.6992
VAL  86,86,-7.6318
HID  87,87,17.1494
ALA  88,88,8.4032
GLY  89,89,10.1998
PRO  90,90,19.0564
ILE  91,91,11.3817
ALA  92,92,18.6833
PRO  93,93,18.8840
GLY  94,94,-2.3981
GLN  95,95,-52.6091
MET  96,96,16.5483
ARG  97,97,-184.5777
GLU  98,98,-48.5424
PRO  99,99,19.0375
ARG 100,100,-179.1295
GLY 101,101,-10.0670
SER 102,102,-4.1281
ASP 103,103,-56.0484
ILE 104,104,8.3880
ALA 105,105,1.9898
GLY 106,106,-3.8953
THR 107,107,-16.3698
THR 108,108,-19.8375
SER 109,109,-1.3229
THR 110,110,-16.7192
LEU 111,111,-10.6690
GLN 112,112,-55.9370
GLU 113,113,-53.9824
GLN 114,114,-56.5608
ILE 115,115,6.4319
GLY 116,116,-3.9303
TRP 117,117,12.8908
MET 118,118,3.5745
THR 119,119,-19.5227
HID 120,120,15.6401
ASN 121,121,-54.7359
PRO 122,122,27.3675
PRO 123,123,15.8822
ILE 124,124,22.7855
PRO 125,125,18.3095
VAL 126,126,-10.6209
GLY 127,127,-6.6027
GLU 128,128,-55.7672
ILE 129,129,7.6999
TYR 130,130,-8.9423
LYS 131,131,-6.4422
ARG 132,132,-166.3009
TRP 133,133,11.8701
ILE 134,134,5.8110
ILE 135,135,7.8970
LEU 136,136,-13.1364
GLY 137,137,-4.6832
LEU 138,138,-13.7198
ASN 139,139,-64.6653
LYS 140,140,-2.4323
ILE 141,141,6.4985
VAL 142,142,-4.4515
ARG 143,143,-162.5036
MET 144,144,3.0678
TYR 145,145,-9.2439
SER 146,146,13.3637
PRO 147,147,16.9439
THR 148,148,-16.9871
SER 149,149,2.1787
ILE 150,150,13.5945
LEU 151,151,-10.6005
ASP 152,152,-64.1286
ILE 153,153,17.1671
ARG 154,154,-167.9924
GLN 155,155,-66.7632
GLY 156,156,8.3703
PRO 157,157,23.4373
LYS 158,158,-3.8230
GLU 159,159,-46.5893
PRO 160,160,15.4403
PHE 161,161,16.1784
ARG 162,162,-172.4271
ASP 163,163,-68.6985
TYR 164,164,-14.7952
VAL 165,165,-12.9742
ASP 166,166,-59.0457
ARG 167,167,-180.8707
PHE 168,168,0.4660
TYR 169,169,-1.6841
LYS 170,170,-4.9905
THR 171,171,-21.8972
LEU 172,172,-7.0170
ARG 173,173,-174.0128
ALA 174,174,-2.3379
GLU 175,175,-56.6443
GLN 176,176,-55.0091
ALA 177,177,6.7833
SER 178,178,-0.4155
GLN 179,179,-55.3487
GLU 180,180,-58.9016
VAL 181,181,-3.5085
LYS 182,182,-14.9304
ASN 183,183,-75.1174
TRP 184,184,17.9226
MET 185,185,4.9340
THR 186,186,-20.0377
GLU 187,187,-60.6879
THR 188,188,-13.0754
LEU 189,189,-9.1329
LEU 190,190,-12.9171
VAL 191,191,-8.8881
GLN 192,192,-56.0421
ASN 193,193,-73.9530
ALA 194,194,3.6169
ASN 195,195,-60.2864
PRO 196,196,12.5783
ASP 197,197,-68.1080
CYX 198,198,11.8767
LYS 199,199,-7.8152
THR 200,200,-19.8572
ILE 201,201,13.1770
LEU 202,202,-6.3357
LYS 203,203,-2.9809
ALA 204,204,3.9447
LEU 205,205,-10.5602
GLY 206,206,8.2677
PRO 207,207,17.9279
GLY 208,208,-2.5357
ALA 209,209,5.6628
THR 210,210,-13.0400
LEU 211,211,-12.3228
GLU 212,212,-64.6024
GLU 213,213,-60.0589
MET 214,214,5.7741
MET 215,215,6.4623
THR 216,216,-17.8392
ALA 217,217,6.0673
CYX 218,218,8.9591
GLN 219,219,-52.3350
GLY 220,220,6.8568
VAL 221,221,-97.6999
PRO   1,1,-1.7969
ILE   2,2,14.6651
VAL   3,3,-10.2079
GLN   4,4,-54.7368
ASN   5,5,-66.1079
LEU   6,6,-6.1453
GLN   7,7,-53.6246
GLY   8,8,-3.4948
GLN   9,9,-54.3889
MET  10,10,9.8007
VAL  11,11,-9.6742
HID  12,12,17.2317
GLN  13,13,-55.4909
ALA  14,14,8.5556
ILE  15,15,11.3261
SER  16,16,6.7723
PRO  17,17,23.5670
ARG  18,18,-162.7365
THR  19,19,-21.2755
LEU  20,20,-12.2043
ASN  21,21,-70.8219
ALA  22,22,6.6601
TRP  23,23,16.5049
VAL  24,24,-2.3631
LYS  25,25,-4.1691
VAL  26,26,-12.3468
VAL  27,27,-14.3543
GLU  28,28,-60.9454
GLU  29,29,-55.3803
LYS  30,30,-5.7869
ALA  31,31,3.1502
PHE  32,32,12.9314
SER  33,33,9.8095
PRO  34,34,14.2538
GLU  35,35,-58.6659
VAL  36,36,-10.1362
ILE  37,37,19.8287
PRO  38,38,15.7477
MET  39,39,8.4037
PHE  40,40,4.4696
SER  41,41,-0.1130
ALA  42,42,9.2585
LEU  43,43,-11.3314
SER  44,44,-8.1923
GLU  45,45,-58.6062
GLY  46,46,-3.5244
ALA  47,47,5.6550
THR  48,48,-9.2036
PRO  49,49,9.9691
GLN  50,50,-56.7394
ASP  51,51,-60.2146
LEU  52,52,-16.4604
ASN  53,53,-74.4201
THR  54,54,-18.4558
MET  55,55,3.7329
LEU  56,56,-12.7099
ASN  57,57,-70.9936
THR  58,58,-14.7427
VAL  59,59,-9.6149
ALA  60,60,19.0253
PRO  61,61,16.1255
HID  62,62,15.5976
GLN  63,63,-51.3476
ALA  64,64,7.4457
ALA  65,65,6.5959
ALA  66,66,4.0098
GLN  67,67,-53.4830
MET  68,68,6.3794
LEU  69,69,-7.2645
LYS  70,70,-6.0913
GLU  71,71,-65.8949
THR  72,72,-19.0026
ILE  73,73,9.0917
ASN  74,74,-73.7593
GLU  75,75,-62.1314
GLU  76,76,-61.7153
ALA  77,77,4.0339
ALA  78,78,4.2600
GLU  79,79,-60.8339
TRP  80,80,11.0133
ASP  81,81,-49.2726
ARG  82,82,-170.0237
LEU  83,83,-14.8958
HID  84,84,21.3787
PRO  85,85,19.6991
VAL  86,86,-7.6315
HID  87,87,17.1489
ALA  88,88,8.4030
GLY  89,89,10.1992
PRO  90,90,19.0567
ILE  91,91,11.3824
ALA  92,92,18.6823
PRO  93,93,18.8840
GLY  94,94,-2.3983
GLN  95,95,-52.6096
MET  96,96,16.5484
ARG  97,97,-184.5289
GLU  98,98,-48.5863
PRO  99,99,19.0384
ARG 100,100,-179.0965
GLY 101,101,-10.0683
SER 102,102,-4.1287
ASP 103,103,-56.0885
ILE 104,104,8.3866
ALA 105,105,1.9903
GLY 106,106,-3.8948
THR 107,107,-16.3702
THR 108,108,-19.8369
SER 109,109,-1.3218
THR 110,110,-16.7194
LEU 111,111,-10.6685
GLN 112,112,-55.9368
GLU 113,113,-54.0328
GLN 114,114,-56.5625
ILE 115,115,6.4325
GLY 116,116,-3.9304
TRP 117,117,12.8915
MET 118,118,3.5746
THR 119,119,-19.5229
HID 120,120,15.6394
ASN 121,121,-54.7359
PRO 122,122,27.3679
PRO 123,123,15.8828
ILE 124,124,22.7852
PRO 125,125,18.3101
VAL 126,126,-10.6203
GLY 127,127,-6.6034
GLU 128,128,-55.8111
ILE 129,129,7.7008
TYR 130,130,-8.9424
LYS 131,131,-6.3923
ARG 132,132,-166.2551
TRP 133,133,11.8703
ILE 134,134,5.8156
ILE 135,135,7.8974
LEU 136,136,-13.1372
GLY 137,137,-4.6816
LEU 138,138,-13.7152
ASN 139,139,-64.6702
LYS 140,140,-2.3798
ILE 141,141,6.5046
VAL 142,142,-4.3859
ARG 143,143,-162.3957
MET 144,144,3.1465
TYR 145,145,-8.0785
SER 146,146,13.4792
PRO 147,147,17.2877
THR 148,148,-17.0300
SER 149,149,3.8483
ILE 150,150,24.2584
LEU   1,1,-5.0603
ASP   2,2,-64.3831
ILE   3,3,19.1872
ARG   4,4,-167.7424
GLN   5,5,-66.7567
GLY   6,6,8.3636
PRO   7,7,23.4402
LYS   8,8,-3.7687
GLU   9,9,-46.7068
PRO  10,10,15.4312
PHE  11,11,16.1653
ARG  12,12,-172.3267
ASP  13,13,-68.7614
TYR  14,14,-14.8502
VAL  15,15,-12.9920
ASP  16,16,-59.2632
ARG  17,17,-180.4848
PHE  18,18,1.3813
TYR  19,19,-1.4870
LYS  20,20,-4.8685
THR  21,21,-20.8538
LEU  22,22,-5.9412
ARG  23,23,-163.9441
ALA  24,24,-1.1274
GLU  25,25,-61.3834
GLN  26,26,-52.9048
ALA  27,27,6.9465
SER  28,28,-0.3776
GLN  29,29,-55.3398
GLU  30,30,-58.9487
VAL  31,31,-3.4315
LYS  32,32,-13.9576
ASN  33,33,-75.1207
TRP  34,34,17.9734
MET  35,35,5.4320
THR  36,36,-20.0017
GLU  37,37,-60.7306
THR  38,38,-13.0247
LEU  39,39,-8.4195
LEU  40,40,-12.9099
VAL  41,41,-8.8876
GLN  42,42,-55.9582
ASN  43,43,-72.9262
ALA  44,44,3.6337
ASN  45,45,-60.2881
PRO  46,46,12.5790
ASP  47,47,-68.1473
CYX  48,48,11.8830
LYS  49,49,-7.7523
THR  50,50,-19.8543
ILE  51,51,13.1814
LEU  52,52,-6.3317
LYS  53,53,-2.9468
ALA  54,54,3.9464
LEU  55,55,-10.5597
GLY  56,56,8.2661
PRO  57,57,17.9297
GLY  58,58,-2.5327
ALA  59,59,5.6613
THR  60,60,-13.0364
LEU  61,61,-12.3132
GLU  62,62,-64.6625
GLU  63,63,-60.0908
MET  64,64,5.7792
MET  65,65,6.4698
THR  66,66,-17.8377
ALA  67,67,6.0698
CYX  68,68,8.9571
GLN  69,69,-52.3288
GLY  70,70,6.8588
VAL  71,71,-97.7587
PRO   1,1,-0.0703
ILE   2,2,0.0004
VAL   3,3,-0.0011
GLN   4,4,0.0008
ASN   5,5,-0.0001
LEU   6,6,-0.0007
GLN   7,7,-0.0002
GLY   8,8,-0.0002
GLN   9,9,0.0008
MET  10,10,-0.0005
VAL  11,11,0.0002
HID  12,12,0.0011
GLN  13,13,-0.0012
ALA  14,14,0.0005
ILE  15,15,-0.0004
SER  16,16,-0.0011
PRO  17,17,-0.0029
ARG  18,18,-0.1166
THR  19,19,-0.0018
LEU  20,20,-0.0058
ASN  21,21,-0.0147
ALA  22,22,-0.0066
TRP  23,23,-0.0138
VAL  24,24,-0.0330
LYS  25,25,0.1631
VAL  26,26,0.0355
VAL  27,27,-0.1123
GLU  28,28,2.7407
GLU  29,29,4.4676
LYS  30,30,-0.8013
ALA  31,31,0.2135
PHE  32,32,-0.9506
SER  33,33,-0.6618
PRO  34,34,-0.2274
GLU  35,35,-0.0445
VAL  36,36,-0.0668
ILE  37,37,-0.0187
PRO  38,38,-0.0149
MET  39,39,-0.0288
PHE  40,40,-0.0106
SER  41,41,-0.0043
ALA  42,42,-0.0040
LEU  43,43,-0.0081
SER  44,44,-0.0055
GLU  45,45,0.0632
GLY  46,46,0.0012
ALA  47,47,-0.0031
THR  48,48,0.0007
PRO  49,49,0.0004
GLN  50,50,-0.0026
ASP  51,51,0.0677
LEU  52,52,0.0040
ASN  53,53,-0.0031
THR  54,54,-0.0031
MET  55,55,-0.0084
LEU  56,56,-0.0038
ASN  57,57,-0.0045
THR  58,58,-0.0140
VAL  59,59,-0.0324
ALA  60,60,-0.0132
PRO  61,61,-0.0396
HID  62,62,0.0756
GLN  63,63,-0.0213
ALA  64,64,0.0017
ALA  65,65,-0.0050
ALA  66,66,-0.0003
GLN  67,67,-0.0003
MET  68,68,-0.0024
LEU  69,69,-0.0054
LYS  70,70,-0.0387
GLU  71,71,0.0325
THR  72,72,-0.0025
ILE  73,73,-0.0022
ASN  74,74,-0.0023
GLU  75,75,0.0309
GLU  76,76,0.0297
ALA  77,77,-0.0003
ALA  78,78,-0.0006
GLU  79,79,0.0325
TRP  80,80,0.0002
ASP  81,81,0.0287
ARG  82,82,-0.0305
LEU  83,83,0.0003
HID  84,84,0.0003
PRO  85,85,0.0001
VAL  86,86,-0.0003
HID  87,87,0.0005
ALA  88,88,0.0002
GLY  89,89,0.0006
PRO  90,90,-0.0003
ILE  91,91,-0.0008
ALA  92,92,0.0010
PRO  93,93,0.0001
GLY  94,94,0.0002
GLN  95,95,0.0006
MET  96,96,-0.0001
ARG  97,97,-0.0488
GLU  98,98,0.0439
PRO  99,99,-0.0010
ARG 100,100,-0.0329
GLY 101,101,0.0012
SER 102,102,0.0006
ASP 103,103,0.0401
ILE 104,104,0.0013
ALA 105,105,-0.0005
GLY 106,106,-0.0004
THR 107,107,0.0005
THR 108,108,-0.0005
SER 109,109,-0.0011
THR 110,110,0.0002
LEU 111,111,-0.0005
GLN 112,112,-0.0002
GLU 113,113,0.0504
GLN 114,114,0.0017
ILE 115,115,-0.0005
GLY 116,116,0.0001
TRP 117,117,-0.0007
MET 118,118,-0.0001
THR 119,119,0.0002
HID 120,120,0.0007
ASN 121,121,0.0000
PRO 122,122,-0.0004
PRO 123,123,-0.0006
ILE 124,124,0.0002
PRO 125,125,-0.0006
VAL 126,126,-0.0006
GLY 127,127,0.0007
GLU 128,128,0.0439
ILE 129,129,-0.0009
TYR 130,130,0.0001
LYS 131,131,-0.0499
ARG 132,132,-0.0458
TRP 133,133,-0.0002
ILE 134,134,-0.0046
ILE 135,135,-0.0004
LEU 136,136,0.0007
GLY 137,137,-0.0016
LEU 138,138,-0.0046
ASN 139,139,0.0049
LYS 140,140,-0.0525
ILE 141,141,-0.0061
VAL 142,142,-0.0656
ARG 143,143,-0.1079
MET 144,144,-0.0787
TYR 145,145,-1.1654
SER 146,146,-0.1154
PRO 147,147,-0.3438
THR 148,148,0.0428
SER 149,149,-1.6697
ILE 150,150,-10.6638
LEU 151,151,-5.5402
ASP 152,152,0.2544
ILE 153,153,-2.0202
ARG 154,154,-0.2500
GLN 155,155,-0.0065
GLY 156,156,0.0067
PRO 157,157,-0.0029
LYS 158,158,-0.0543
GLU 159,159,0.1175
PRO 160,160,0.0091
PHE 161,161,0.0131
ARG 162,162,-0.1004
ASP 163,163,0.0629
TYR 164,164,0.0550
VAL 165,165,0.0179
ASP 166,166,0.2175
ARG 167,167,-0.3860
PHE 168,168,-0.9152
TYR 169,169,-0.1971
LYS 170,170,-0.1220
THR 171,171,-1.0434
LEU 172,172,-1.0758
ARG 173,173,-10.0687
ALA 174,174,-1.2105
GLU 175,175,4.7391
GLN 176,176,-2.1043
ALA 177,177,-0.1632
SER 178,178,-0.0379
GLN 179,179,-0.0089
GLU 180,180,0.0471
VAL 181,181,-0.0770
LYS 182,182,-0.9728
ASN 183,183,0.0033
TRP 184,184,-0.0508
MET 185,185,-0.4980
THR 186,186,-0.0360
GLU 187,187,0.0427
THR 188,188,-0.0507
LEU 189,189,-0.7134
LEU 190,190,-0.0072
VAL 191,191,-0.0005
GLN 192,192,-0.0839
ASN 193,193,-1.0268
ALA 194,194,-0.0168
ASN 195,195,0.0018
PRO 196,196,-0.0007
ASP 197,197,0.0393
CYX 198,198,-0.0063
LYS 199,199,-0.0629
THR 200,200,-0.0029
ILE 201,201,-0.0044
LEU 202,202,-0.0040
LYS 203,203,-0.0341
ALA 204,204,-0.0017
LEU 205,205,-0.0005
GLY 206,206,0.0016
PRO 207,207,-0.0018
GLY 208,208,-0.0030
ALA 209,209,0.0015
THR 210,210,-0.0036
LEU 211,211,-0.0097
GLU 212,212,0.0602
GLU 213,213,0.0319
MET 214,214,-0.0051
MET 215,215,-0.0076
THR 216,216,-0.0015
ALA 217,217,-0.0025
CYX 218,218,0.0019
GLN 219,219,-0.0063
GLY 220,220,-0.0020
VAL 221,221,0.0588
