Residue Name,Residue Number,Binding Free Energy (kcal/mol)
PRO   1,1,-0.8674
ILE   2,2,14.1394
VAL   3,3,-7.5690
GLN   4,4,-51.9674
ASN   5,5,-65.2504
LEU   6,6,-5.9577
GLN   7,7,-52.6325
GLY   8,8,-1.3748
GLN   9,9,-50.6724
MET  10,10,12.4318
VAL  11,11,-9.2348
HID  12,12,18.2532
GLN  13,13,-55.7068
ALA  14,14,8.7265
ILE  15,15,11.5397
SER  16,16,7.7505
PRO  17,17,24.6669
ARG  18,18,-160.5711
THR  19,19,-20.6725
LEU  20,20,-11.1950
ASN  21,21,-71.9162
ALA  22,22,5.3501
TRP  23,23,16.8391
VAL  24,24,-4.1407
LYS  25,25,-5.3562
VAL  26,26,-15.5558
VAL  27,27,-14.8050
GLU  28,28,-59.8287
GLU  29,29,-50.1343
LYS  30,30,-9.9194
ALA  31,31,1.7486
PHE  32,32,11.5051
SER  33,33,11.3893
PRO  34,34,14.6920
GLU  35,35,-55.8791
VAL  36,36,-10.5663
ILE  37,37,21.3748
PRO  38,38,15.8971
MET  39,39,5.2734
PHE  40,40,3.3610
SER  41,41,0.3663
ALA  42,42,8.5756
LEU  43,43,-12.7136
SER  44,44,-7.5214
GLU  45,45,-57.7506
GLY  46,46,-4.3752
ALA  47,47,5.2004
THR  48,48,-8.3456
PRO  49,49,10.3045
GLN  50,50,-57.8280
ASP  51,51,-62.8018
LEU  52,52,-16.4520
ASN  53,53,-73.7561
THR  54,54,-16.6046
MET  55,55,5.8748
LEU  56,56,-12.8841
ASN  57,57,-70.7725
THR  58,58,-17.1134
VAL  59,59,-8.8661
ALA  60,60,19.1081
PRO  61,61,15.0576
HID  62,62,15.8712
GLN  63,63,-50.5822
ALA  64,64,6.5989
ALA  65,65,4.8342
ALA  66,66,3.7052
GLN  67,67,-53.8255
MET  68,68,4.7300
LEU  69,69,-6.8543
LYS  70,70,-8.8165
GLU  71,71,-67.2526
THR  72,72,-20.2740
ILE  73,73,9.1105
ASN  74,74,-73.3034
GLU  75,75,-60.5148
GLU  76,76,-60.0692
ALA  77,77,3.7462
ALA  78,78,4.5738
GLU  79,79,-55.0453
TRP  80,80,11.5796
ASP  81,81,-50.9598
ARG  82,82,-170.8295
LEU  83,83,-15.5705
HID  84,84,24.9603
PRO  85,85,18.6263
VAL  86,86,-5.6127
HID  87,87,17.6594
ALA  88,88,8.6767
GLY  89,89,9.8206
PRO  90,90,17.0919
ILE  91,91,15.2392
ALA  92,92,18.5282
PRO  93,93,18.8417
GLY  94,94,-2.4471
GLN  95,95,-53.5930
MET  96,96,13.9879
ARG  97,97,-177.4218
GLU  98,98,-54.0111
PRO  99,99,18.6919
ARG 100,100,-173.5219
GLY 101,101,-9.5117
SER 102,102,-2.7213
ASP 103,103,-66.8688
ILE 104,104,8.0971
ALA 105,105,1.5148
GLY 106,106,-5.2636
THR 107,107,-16.3124
THR 108,108,-19.8300
SER 109,109,-2.8315
THR 110,110,-15.1670
LEU 111,111,-10.2760
GLN 112,112,-55.7450
GLU 113,113,-58.2922
GLN 114,114,-54.7896
ILE 115,115,7.1536
GLY 116,116,-3.3357
TRP 117,117,11.1536
MET 118,118,3.2542
THR 119,119,-19.9815
HID 120,120,13.2868
ASN 121,121,-55.2885
PRO 122,122,27.0415
PRO 123,123,15.5813
ILE 124,124,22.4632
PRO 125,125,18.1950
VAL 126,126,-11.8467
GLY 127,127,-5.7589
GLU 128,128,-56.7581
ILE 129,129,8.3150
TYR 130,130,-9.6453
LYS 131,131,1.0605
ARG 132,132,-168.9872
TRP 133,133,12.5281
ILE 134,134,5.0267
ILE 135,135,8.5784
LEU 136,136,-12.4760
GLY 137,137,-3.8657
LEU 138,138,-15.0361
ASN 139,139,-65.0403
LYS 140,140,-3.0443
ILE 141,141,5.2252
VAL 142,142,-4.4837
ARG 143,143,-164.6472
MET 144,144,3.6737
TYR 145,145,-5.9903
SER 146,146,11.4014
PRO 147,147,16.9835
THR 148,148,-17.4323
SER 149,149,1.0673
ILE 150,150,13.8406
LEU 151,151,-11.4842
ASP 152,152,-64.5210
ILE 153,153,18.2119
ARG 154,154,-167.4785
GLN 155,155,-65.7626
GLY 156,156,5.8391
PRO 157,157,23.7671
LYS 158,158,-6.5463
GLU 159,159,-48.3173
PRO 160,160,14.4359
PHE 161,161,14.7590
ARG 162,162,-164.4133
ASP 163,163,-68.9761
TYR 164,164,-12.8485
VAL 165,165,-12.9752
ASP 166,166,-59.7609
ARG 167,167,-179.1178
PHE 168,168,0.6560
TYR 169,169,-3.2419
LYS 170,170,-3.5907
THR 171,171,-21.2403
LEU 172,172,-5.7787
ARG 173,173,-164.0849
ALA 174,174,0.1116
GLU 175,175,-53.7959
GLN 176,176,-51.3181
ALA 177,177,6.7198
SER 178,178,-2.9795
GLN 179,179,-57.1392
GLU 180,180,-56.1074
VAL 181,181,-3.7957
LYS 182,182,-5.9553
ASN 183,183,-72.6372
TRP 184,184,17.6477
MET 185,185,3.9560
THR 186,186,-20.3127
GLU 187,187,-60.9126
THR 188,188,-13.9463
LEU 189,189,-8.7583
LEU 190,190,-14.7727
VAL 191,191,-9.9620
GLN 192,192,-54.9763
ASN 193,193,-74.3007
ALA 194,194,3.6914
ASN 195,195,-60.2014
PRO 196,196,12.8021
ASP 197,197,-65.0395
CYX 198,198,9.4186
LYS 199,199,-7.8661
THR 200,200,-20.9917
ILE 201,201,11.8526
LEU 202,202,-6.7072
LYS 203,203,-3.5364
ALA 204,204,4.5847
LEU 205,205,-11.4357
GLY 206,206,8.4805
PRO 207,207,17.6579
GLY 208,208,-2.5312
ALA 209,209,6.5930
THR 210,210,-14.1930
LEU 211,211,-11.3348
GLU 212,212,-65.1892
GLU 213,213,-61.3411
MET 214,214,6.6026
MET 215,215,6.0693
THR 216,216,-18.9994
ALA 217,217,5.0922
CYX 218,218,4.6626
GLN 219,219,-51.4731
GLY 220,220,4.7920
VAL 221,221,-97.3707
PRO   1,1,-0.8192
ILE   2,2,14.1387
VAL   3,3,-7.5680
GLN   4,4,-51.9665
ASN   5,5,-65.2494
LEU   6,6,-5.9575
GLN   7,7,-52.6325
GLY   8,8,-1.3748
GLN   9,9,-50.6719
MET  10,10,12.4316
VAL  11,11,-9.2351
HID  12,12,18.2535
GLN  13,13,-55.7058
ALA  14,14,8.7247
ILE  15,15,11.5415
SER  16,16,7.7522
PRO  17,17,24.6699
ARG  18,18,-160.5095
THR  19,19,-20.6720
LEU  20,20,-11.1940
ASN  21,21,-71.9048
ALA  22,22,5.3540
TRP  23,23,16.8242
VAL  24,24,-4.1575
LYS  25,25,-5.2836
VAL  26,26,-15.5326
VAL  27,27,-14.9451
GLU  28,28,-60.5259
GLU  29,29,-52.0982
LYS  30,30,-7.2849
ALA  31,31,3.1099
PHE  32,32,11.7002
SER  33,33,11.5968
PRO  34,34,14.7780
GLU  35,35,-56.1353
VAL  36,36,-10.5264
ILE  37,37,21.3835
PRO  38,38,15.9064
MET  39,39,5.2930
PHE  40,40,3.3693
SER  41,41,0.3706
ALA  42,42,8.5790
LEU  43,43,-12.7086
SER  44,44,-7.5178
GLU  45,45,-57.8056
GLY  46,46,-4.3755
ALA  47,47,5.2012
THR  48,48,-8.3457
PRO  49,49,10.3046
GLN  50,50,-57.8264
ASP  51,51,-62.8458
LEU  52,52,-16.4512
ASN  53,53,-73.7549
THR  54,54,-16.6007
MET  55,55,5.8776
LEU  56,56,-12.8777
ASN  57,57,-70.7665
THR  58,58,-17.1037
VAL  59,59,-8.8256
ALA  60,60,19.1243
PRO  61,61,15.0768
HID  62,62,16.2811
GLN  63,63,-50.5400
ALA  64,64,6.5631
ALA  65,65,4.7727
ALA  66,66,3.6943
GLN  67,67,-53.8204
MET  68,68,4.7381
LEU  69,69,-6.8507
LYS  70,70,-8.7660
GLU  71,71,-67.3259
THR  72,72,-20.2711
ILE  73,73,9.1125
ASN  74,74,-73.3013
GLU  75,75,-60.5821
GLU  76,76,-60.1223
ALA  77,77,3.7471
ALA  78,78,4.5734
GLU  79,79,-55.1060
TRP  80,80,11.5793
ASP  81,81,-51.0078
ARG  82,82,-170.7722
LEU  83,83,-15.5700
HID  84,84,24.9618
PRO  85,85,18.6271
VAL  86,86,-5.6125
HID  87,87,17.6594
ALA  88,88,8.6765
GLY  89,89,9.8218
PRO  90,90,17.0924
ILE  91,91,15.2393
ALA  92,92,18.5277
PRO  93,93,18.8413
GLY  94,94,-2.4475
GLN  95,95,-53.5936
MET  96,96,13.9880
ARG  97,97,-177.3818
GLU  98,98,-54.0524
PRO  99,99,18.6922
ARG 100,100,-173.4870
GLY 101,101,-9.5115
SER 102,102,-2.7221
ASP 103,103,-66.9073
ILE 104,104,8.0970
ALA 105,105,1.5148
GLY 106,106,-5.2633
THR 107,107,-16.3115
THR 108,108,-19.8289
SER 109,109,-2.8309
THR 110,110,-15.1664
LEU 111,111,-10.2761
GLN 112,112,-55.7465
GLU 113,113,-58.3450
GLN 114,114,-54.7889
ILE 115,115,7.1544
GLY 116,116,-3.3353
TRP 117,117,11.1539
MET 118,118,3.2545
THR 119,119,-19.9813
HID 120,120,13.2865
ASN 121,121,-55.2885
PRO 122,122,27.0409
PRO 123,123,15.5826
ILE 124,124,22.4619
PRO 125,125,18.1962
VAL 126,126,-11.8460
GLY 127,127,-5.7587
GLU 128,128,-56.7987
ILE 129,129,8.3150
TYR 130,130,-9.6457
LYS 131,131,1.1073
ARG 132,132,-168.9538
TRP 133,133,12.5251
ILE 134,134,5.0236
ILE 135,135,8.5738
LEU 136,136,-12.4792
GLY 137,137,-3.8725
LEU 138,138,-15.0443
ASN 139,139,-65.0499
LYS 140,140,-2.9511
ILE 141,141,5.2093
VAL 142,142,-4.4762
ARG 143,143,-164.4710
MET 144,144,3.7500
TYR 145,145,-5.8533
SER 146,146,12.1716
PRO 147,147,17.2028
THR 148,148,-14.3163
SER 149,149,6.2794
ILE   1,1,17.3850
LEU   2,2,-10.4205
ASP   3,3,-65.8970
ILE   4,4,18.4581
ARG   5,5,-167.4844
GLN   6,6,-65.7522
GLY   7,7,5.8425
PRO   8,8,23.7700
LYS   9,9,-6.5539
GLU  10,10,-48.3116
PRO  11,11,14.4361
PHE  12,12,14.7596
ARG  13,13,-164.4198
ASP  14,14,-68.9756
TYR  15,15,-12.8448
VAL  16,16,-12.9775
ASP  17,17,-59.8186
ARG  18,18,-179.0917
PHE  19,19,0.6868
TYR  20,20,-3.2331
LYS  21,21,-3.4841
THR  22,22,-21.0678
LEU  23,23,-5.7384
ARG  24,24,-163.7596
ALA  25,25,0.2761
GLU  26,26,-61.6429
GLN  27,27,-50.9888
ALA  28,28,6.7457
SER  29,29,-1.2688
GLN  30,30,-54.4761
GLU  31,31,-57.7093
VAL  32,32,-3.5734
LYS  33,33,-5.5880
ASN  34,34,-72.6122
TRP  35,35,17.6969
MET  36,36,4.0491
THR  37,37,-20.2986
GLU  38,38,-60.8832
THR  39,39,-13.9356
LEU  40,40,-8.7083
LEU  41,41,-14.7603
VAL  42,42,-9.9576
GLN  43,43,-54.9670
ASN  44,44,-74.2751
ALA  45,45,3.7021
ASN  46,46,-60.1994
PRO  47,47,12.8034
ASP  48,48,-65.0172
CYX  49,49,9.4166
LYS  50,50,-7.9306
THR  51,51,-20.9936
ILE  52,52,11.8516
LEU  53,53,-6.7088
LYS  54,54,-3.5543
ALA  55,55,4.5843
LEU  56,56,-11.4359
GLY  57,57,8.4796
PRO  58,58,17.6575
GLY  59,59,-2.5309
ALA  60,60,6.5931
THR  61,61,-14.1921
LEU  62,62,-11.3313
GLU  63,63,-65.1845
GLU  64,64,-61.3287
MET  65,65,6.6039
MET  66,66,6.0701
THR  67,67,-18.9997
ALA  68,68,5.0920
CYX  69,69,4.6643
GLN  70,70,-51.4724
GLY  71,71,4.7933
VAL  72,72,-97.3667
PRO   1,1,-0.0481
ILE   2,2,0.0007
VAL   3,3,-0.0010
GLN   4,4,-0.0009
ASN   5,5,-0.0009
LEU   6,6,-0.0002
GLN   7,7,-0.0000
GLY   8,8,-0.0000
GLN   9,9,-0.0005
MET  10,10,0.0002
VAL  11,11,0.0004
HID  12,12,-0.0003
GLN  13,13,-0.0010
ALA  14,14,0.0018
ILE  15,15,-0.0018
SER  16,16,-0.0017
PRO  17,17,-0.0030
ARG  18,18,-0.0616
THR  19,19,-0.0005
LEU  20,20,-0.0010
ASN  21,21,-0.0114
ALA  22,22,-0.0039
TRP  23,23,0.0149
VAL  24,24,0.0168
LYS  25,25,-0.0726
VAL  26,26,-0.0233
VAL  27,27,0.1401
GLU  28,28,0.6973
GLU  29,29,1.9639
LYS  30,30,-2.6346
ALA  31,31,-1.3614
PHE  32,32,-0.1951
SER  33,33,-0.2076
PRO  34,34,-0.0860
GLU  35,35,0.2561
VAL  36,36,-0.0398
ILE  37,37,-0.0087
PRO  38,38,-0.0093
MET  39,39,-0.0196
PHE  40,40,-0.0083
SER  41,41,-0.0042
ALA  42,42,-0.0034
LEU  43,43,-0.0050
SER  44,44,-0.0036
GLU  45,45,0.0550
GLY  46,46,0.0004
ALA  47,47,-0.0008
THR  48,48,0.0001
PRO  49,49,-0.0002
GLN  50,50,-0.0016
ASP  51,51,0.0441
LEU  52,52,-0.0008
ASN  53,53,-0.0011
THR  54,54,-0.0039
MET  55,55,-0.0028
LEU  56,56,-0.0064
ASN  57,57,-0.0060
THR  58,58,-0.0097
VAL  59,59,-0.0406
ALA  60,60,-0.0161
PRO  61,61,-0.0191
HID  62,62,-0.4100
GLN  63,63,-0.0422
ALA  64,64,0.0358
ALA  65,65,0.0615
ALA  66,66,0.0108
GLN  67,67,-0.0051
MET  68,68,-0.0081
LEU  69,69,-0.0037
LYS  70,70,-0.0505
GLU  71,71,0.0733
THR  72,72,-0.0029
ILE  73,73,-0.0020
ASN  74,74,-0.0022
GLU  75,75,0.0672
GLU  76,76,0.0530
ALA  77,77,-0.0009
ALA  78,78,0.0004
GLU  79,79,0.0608
TRP  80,80,0.0004
ASP  81,81,0.0480
ARG  82,82,-0.0572
LEU  83,83,-0.0004
HID  84,84,-0.0015
PRO  85,85,-0.0008
VAL  86,86,-0.0002
HID  87,87,0.0000
ALA  88,88,0.0002
GLY  89,89,-0.0012
PRO  90,90,-0.0005
ILE  91,91,-0.0001
ALA  92,92,0.0005
PRO  93,93,0.0004
GLY  94,94,0.0004
GLN  95,95,0.0005
MET  96,96,-0.0001
ARG  97,97,-0.0400
GLU  98,98,0.0413
PRO  99,99,-0.0003
ARG 100,100,-0.0349
GLY 101,101,-0.0003
SER 102,102,0.0007
ASP 103,103,0.0385
ILE 104,104,0.0001
ALA 105,105,0.0001
GLY 106,106,-0.0003
THR 107,107,-0.0009
THR 108,108,-0.0011
SER 109,109,-0.0006
THR 110,110,-0.0007
LEU 111,111,0.0000
GLN 112,112,0.0014
GLU 113,113,0.0529
GLN 114,114,-0.0007
ILE 115,115,-0.0008
GLY 116,116,-0.0004
TRP 117,117,-0.0003
MET 118,118,-0.0003
THR 119,119,-0.0002
HID 120,120,0.0003
ASN 121,121,-0.0000
PRO 122,122,0.0005
PRO 123,123,-0.0013
ILE 124,124,0.0014
PRO 125,125,-0.0012
VAL 126,126,-0.0007
GLY 127,127,-0.0001
GLU 128,128,0.0406
ILE 129,129,0.0001
TYR 130,130,0.0004
LYS 131,131,-0.0469
ARG 132,132,-0.0334
TRP 133,133,0.0030
ILE 134,134,0.0031
ILE 135,135,0.0046
LEU 136,136,0.0033
GLY 137,137,0.0068
LEU 138,138,0.0082
ASN 139,139,0.0095
LYS 140,140,-0.0932
ILE 141,141,0.0159
VAL 142,142,-0.0075
ARG 143,143,-0.1762
MET 144,144,-0.0763
TYR 145,145,-0.1370
SER 146,146,-0.7702
PRO 147,147,-0.2193
THR 148,148,-3.1159
SER 149,149,-5.2121
ILE 150,150,-3.5444
LEU 151,151,-1.0637
ASP 152,152,1.3760
ILE 153,153,-0.2462
ARG 154,154,0.0059
GLN 155,155,-0.0104
GLY 156,156,-0.0034
PRO 157,157,-0.0029
LYS 158,158,0.0076
GLU 159,159,-0.0057
PRO 160,160,-0.0002
PHE 161,161,-0.0006
ARG 162,162,0.0065
ASP 163,163,-0.0006
TYR 164,164,-0.0038
VAL 165,165,0.0023
ASP 166,166,0.0577
ARG 167,167,-0.0261
PHE 168,168,-0.0307
TYR 169,169,-0.0089
LYS 170,170,-0.1066
THR 171,171,-0.1725
LEU 172,172,-0.0404
ARG 173,173,-0.3254
ALA 174,174,-0.1644
GLU 175,175,7.8470
GLN 176,176,-0.3293
ALA 177,177,-0.0259
SER 178,178,-1.7107
GLN 179,179,-2.6631
GLU 180,180,1.6020
VAL 181,181,-0.2222
LYS 182,182,-0.3673
ASN 183,183,-0.0250
TRP 184,184,-0.0492
MET 185,185,-0.0931
THR 186,186,-0.0141
GLU 187,187,-0.0294
THR 188,188,-0.0108
LEU 189,189,-0.0500
LEU 190,190,-0.0124
VAL 191,191,-0.0045
GLN 192,192,-0.0092
ASN 193,193,-0.0255
ALA 194,194,-0.0108
ASN 195,195,-0.0020
PRO 196,196,-0.0012
ASP 197,197,-0.0223
CYX 198,198,0.0020
LYS 199,199,0.0645
THR 200,200,0.0019
ILE 201,201,0.0009
LEU 202,202,0.0016
LYS 203,203,0.0179
ALA 204,204,0.0004
LEU 205,205,0.0002
GLY 206,206,0.0009
PRO 207,207,0.0004
GLY 208,208,-0.0003
ALA 209,209,-0.0001
THR 210,210,-0.0009
LEU 211,211,-0.0035
GLU 212,212,-0.0048
GLU 213,213,-0.0124
MET 214,214,-0.0013
MET 215,215,-0.0008
THR 216,216,0.0003
ALA 217,217,0.0002
CYX 218,218,-0.0018
GLN 219,219,-0.0007
GLY 220,220,-0.0013
VAL 221,221,-0.0040
