Residue Name,Residue Number,Binding Free Energy (kcal/mol)
PRO   1,1,-3.5944
ILE   2,2,15.5278
VAL   3,3,-8.4148
GLN   4,4,-54.2963
ASN   5,5,-67.1932
LEU   6,6,-6.0961
GLN   7,7,-53.6117
GLY   8,8,-3.4655
GLN   9,9,-53.9642
MET  10,10,9.0674
VAL  11,11,-8.5794
HID  12,12,15.9312
GLN  13,13,-53.6854
ALA  14,14,8.7124
ILE  15,15,10.5347
SER  16,16,7.2257
PRO  17,17,22.9151
ARG  18,18,-162.1429
THR  19,19,-20.8192
LEU  20,20,-12.3617
ASN  21,21,-71.6995
ALA  22,22,5.5888
TRP  23,23,17.7944
VAL  24,24,-3.4268
LYS  25,25,-3.8639
VAL  26,26,-13.5819
VAL  27,27,-14.0928
GLU  28,28,-61.9801
GLU  29,29,-56.9436
LYS  30,30,-7.2881
ALA  31,31,-0.5765
PHE  32,32,13.9705
SER  33,33,10.0799
PRO  34,34,11.5841
GLU  35,35,-58.4831
VAL  36,36,-10.9714
ILE  37,37,19.4336
PRO  38,38,15.7122
MET  39,39,8.1880
PHE  40,40,4.6573
SER  41,41,-0.1667
ALA  42,42,9.2976
LEU  43,43,-10.8012
SER  44,44,-8.2677
GLU  45,45,-59.3854
GLY  46,46,-3.6783
ALA  47,47,4.4532
THR  48,48,-7.9896
PRO  49,49,10.5440
GLN  50,50,-57.8536
ASP  51,51,-59.5509
LEU  52,52,-16.7137
ASN  53,53,-74.5328
THR  54,54,-20.6515
MET  55,55,4.3004
LEU  56,56,-12.1034
ASN  57,57,-71.1320
THR  58,58,-14.5544
VAL  59,59,-10.8600
ALA  60,60,17.9106
PRO  61,61,16.1503
HID  62,62,14.7083
GLN  63,63,-51.4996
ALA  64,64,8.7874
ALA  65,65,7.1692
ALA  66,66,4.8019
GLN  67,67,-52.4147
MET  68,68,6.6632
LEU  69,69,-7.2957
LYS  70,70,-7.0062
GLU  71,71,-67.0914
THR  72,72,-18.6754
ILE  73,73,8.6963
ASN  74,74,-73.8574
GLU  75,75,-61.0812
GLU  76,76,-60.6594
ALA  77,77,3.6173
ALA  78,78,3.9047
GLU  79,79,-57.0427
TRP  80,80,12.1609
ASP  81,81,-53.6068
ARG  82,82,-167.0885
LEU  83,83,-14.6662
HID  84,84,22.6956
PRO  85,85,20.2867
VAL  86,86,-6.7754
HID  87,87,15.7695
ALA  88,88,9.2698
GLY  89,89,10.4741
PRO  90,90,18.6446
ILE  91,91,10.2907
ALA  92,92,18.8574
PRO  93,93,19.2614
GLY  94,94,-2.3794
GLN  95,95,-52.2710
MET  96,96,15.3483
ARG  97,97,-185.8504
GLU  98,98,-52.6573
PRO  99,99,18.0904
ARG 100,100,-174.4404
GLY 101,101,-10.0725
SER 102,102,-5.4881
ASP 103,103,-55.6264
ILE 104,104,6.9207
ALA 105,105,1.9922
GLY 106,106,-4.4543
THR 107,107,-15.9350
THR 108,108,-21.1730
SER 109,109,-1.3041
THR 110,110,-15.9055
LEU 111,111,-11.4839
GLN 112,112,-56.5050
GLU 113,113,-54.9124
GLN 114,114,-56.9203
ILE 115,115,6.3650
GLY 116,116,-3.3688
TRP 117,117,12.6254
MET 118,118,4.3648
THR 119,119,-19.6540
HID 120,120,15.6004
ASN 121,121,-54.7490
PRO 122,122,27.4249
PRO 123,123,15.8113
ILE 124,124,21.3931
PRO 125,125,17.3800
VAL 126,126,-10.0744
GLY 127,127,-6.8825
GLU 128,128,-56.8481
ILE 129,129,8.6550
TYR 130,130,-7.7260
LYS 131,131,-4.4324
ARG 132,132,-165.8733
TRP 133,133,10.2399
ILE 134,134,6.2420
ILE 135,135,7.6204
LEU 136,136,-12.9033
GLY 137,137,-4.2429
LEU 138,138,-13.8546
ASN 139,139,-64.8226
LYS 140,140,-3.0738
ILE 141,141,5.5145
VAL 142,142,-6.0157
ARG 143,143,-165.1516
MET 144,144,3.3897
TYR 145,145,-7.8645
SER 146,146,10.3635
PRO 147,147,16.5444
THR 148,148,-16.9147
SER 149,149,-0.5211
ILE 150,150,13.1335
LEU 151,151,-12.2647
ASP 152,152,-65.5780
ILE 153,153,14.0420
ARG 154,154,-174.2986
GLN 155,155,-66.1315
GLY 156,156,6.1090
PRO 157,157,23.7024
LYS 158,158,-8.3526
GLU 159,159,-47.4500
PRO 160,160,13.9918
PHE 161,161,14.8334
ARG 162,162,-164.0981
ASP 163,163,-68.4995
TYR 164,164,-14.5611
VAL 165,165,-12.3563
ASP 166,166,-56.3660
ARG 167,167,-180.1197
PHE 168,168,-0.2824
TYR 169,169,-2.8301
LYS 170,170,-13.2461
THR 171,171,-24.2837
LEU 172,172,-7.0494
ARG 173,173,-169.4349
ALA 174,174,-2.4463
GLU 175,175,-59.0392
GLN 176,176,-53.8652
ALA 177,177,6.3329
SER 178,178,-1.2781
GLN 179,179,-54.4273
GLU 180,180,-59.9100
VAL 181,181,-3.0382
LYS 182,182,-5.6369
ASN 183,183,-74.1172
TRP 184,184,18.1527
MET 185,185,3.8728
THR 186,186,-19.5539
GLU 187,187,-60.5181
THR 188,188,-14.1823
LEU 189,189,-8.9324
LEU 190,190,-15.3159
VAL 191,191,-10.7343
GLN 192,192,-55.3208
ASN 193,193,-72.2747
ALA 194,194,3.7363
ASN 195,195,-60.5238
PRO 196,196,12.7492
ASP 197,197,-67.0126
CYX 198,198,10.6096
LYS 199,199,-9.8900
THR 200,200,-21.5408
ILE 201,201,11.2201
LEU 202,202,-5.8241
LYS 203,203,-3.5164
ALA 204,204,4.3274
LEU 205,205,-11.8015
GLY 206,206,8.1525
PRO 207,207,17.8278
GLY 208,208,-2.6728
ALA 209,209,5.7393
THR 210,210,-12.7468
LEU 211,211,-11.5638
GLU 212,212,-65.3393
GLU 213,213,-61.3565
MET 214,214,6.1172
MET 215,215,6.3057
THR 216,216,-18.4533
ALA 217,217,6.1378
CYX 218,218,7.6389
GLN 219,219,-51.5051
GLY 220,220,4.8289
VAL 221,221,-96.6305
PRO   1,1,-3.5540
ILE   2,2,15.5289
VAL   3,3,-8.4144
GLN   4,4,-54.2963
ASN   5,5,-67.1946
LEU   6,6,-6.0963
GLN   7,7,-53.6119
GLY   8,8,-3.4659
GLN   9,9,-53.9639
MET  10,10,9.0682
VAL  11,11,-8.5797
HID  12,12,15.9319
GLN  13,13,-53.6862
ALA  14,14,8.7120
ILE  15,15,10.5350
SER  16,16,7.2296
PRO  17,17,22.9183
ARG  18,18,-162.1175
THR  19,19,-20.8120
LEU  20,20,-12.3512
ASN  21,21,-71.6885
ALA  22,22,5.6078
TRP  23,23,17.8486
VAL  24,24,-3.3972
LYS  25,25,-3.8402
VAL  26,26,-13.2977
VAL  27,27,-13.9680
GLU  28,28,-61.7311
GLU  29,29,-55.5034
LYS  30,30,-9.4024
ALA  31,31,2.2573
PHE  32,32,13.8327
SER  33,33,10.9240
PRO  34,34,13.6929
GLU  35,35,-59.6760
VAL  36,36,-10.9144
ILE  37,37,19.5047
PRO  38,38,15.7447
MET  39,39,8.1921
PHE  40,40,4.6570
SER  41,41,-0.1603
ALA  42,42,9.2958
LEU  43,43,-10.8046
SER  44,44,-8.2733
GLU  45,45,-59.4357
GLY  46,46,-3.6778
ALA  47,47,4.4515
THR  48,48,-7.9858
PRO  49,49,10.5467
GLN  50,50,-57.8517
ASP  51,51,-59.5855
LEU  52,52,-16.7083
ASN  53,53,-74.5298
THR  54,54,-20.6492
MET  55,55,4.3054
LEU  56,56,-12.0946
ASN  57,57,-71.1299
THR  58,58,-14.5563
VAL  59,59,-10.8526
ALA  60,60,17.9135
PRO  61,61,16.1524
HID  62,62,14.7152
GLN  63,63,-51.4923
ALA  64,64,8.7957
ALA  65,65,7.1702
ALA  66,66,4.8001
GLN  67,67,-52.4117
MET  68,68,6.6692
LEU  69,69,-7.2992
LYS  70,70,-6.9915
GLU  71,71,-67.1211
THR  72,72,-18.6770
ILE  73,73,8.6959
ASN  74,74,-73.8553
GLU  75,75,-61.1320
GLU  76,76,-60.7279
ALA  77,77,3.6172
ALA  78,78,3.9054
GLU  79,79,-57.0996
TRP  80,80,12.1606
ASP  81,81,-53.6399
ARG  82,82,-167.0402
LEU  83,83,-14.6654
HID  84,84,22.6964
PRO  85,85,20.2861
VAL  86,86,-6.7757
HID  87,87,15.7698
ALA  88,88,9.2701
GLY  89,89,10.4734
PRO  90,90,18.6443
ILE  91,91,10.2923
ALA  92,92,18.8564
PRO  93,93,19.2610
GLY  94,94,-2.3800
GLN  95,95,-52.2706
MET  96,96,15.3484
ARG  97,97,-185.8040
GLU  98,98,-52.7065
PRO  99,99,18.0904
ARG 100,100,-174.4050
GLY 101,101,-10.0732
SER 102,102,-5.4883
ASP 103,103,-55.6659
ILE 104,104,6.9211
ALA 105,105,1.9935
GLY 106,106,-4.4533
THR 107,107,-15.9349
THR 108,108,-21.1729
SER 109,109,-1.3021
THR 110,110,-15.9066
LEU 111,111,-11.4848
GLN 112,112,-56.5067
GLU 113,113,-54.9651
GLN 114,114,-56.9215
ILE 115,115,6.3650
GLY 116,116,-3.3688
TRP 117,117,12.6258
MET 118,118,4.3651
THR 119,119,-19.6538
HID 120,120,15.6004
ASN 121,121,-54.7491
PRO 122,122,27.4251
PRO 123,123,15.8115
ILE 124,124,21.3935
PRO 125,125,17.3805
VAL 126,126,-10.0732
GLY 127,127,-6.8812
GLU 128,128,-56.9049
ILE 129,129,8.6542
TYR 130,130,-7.7240
LYS 131,131,-4.3818
ARG 132,132,-165.7578
TRP 133,133,10.2406
ILE 134,134,6.2455
ILE 135,135,7.6201
LEU 136,136,-12.9072
GLY 137,137,-4.2523
LEU 138,138,-13.8653
ASN 139,139,-64.8769
LYS 140,140,-2.9825
ILE 141,141,5.5549
VAL 142,142,-5.4199
ARG 143,143,-164.1131
MET 144,144,3.6411
TYR 145,145,-5.0912
SER 146,146,10.7825
PRO 147,147,17.0267
THR 148,148,-16.6941
SER 149,149,4.1528
ILE 150,150,24.6309
LEU   1,1,-6.5219
ASP   2,2,-64.6652
ILE   3,3,16.5166
ARG   4,4,-173.3700
GLN   5,5,-66.1119
GLY   6,6,6.1112
PRO   7,7,23.7079
LYS   8,8,-8.3295
GLU   9,9,-47.3335
PRO  10,10,14.0053
PHE  11,11,14.8505
ARG  12,12,-164.0797
ASP  13,13,-68.4445
TYR  14,14,-14.4787
VAL  15,15,-12.2947
ASP  16,16,-56.1729
ARG  17,17,-180.5885
PHE  18,18,1.0688
TYR  19,19,-2.5138
LYS  20,20,-10.9105
THR  21,21,-20.9418
LEU  22,22,-5.9278
ARG  23,23,-163.9646
ALA  24,24,-0.6792
GLU  25,25,-60.9802
GLN  26,26,-50.4053
ALA  27,27,6.4963
SER  28,28,-1.1967
GLN  29,29,-54.3847
GLU  30,30,-59.9384
VAL  31,31,-2.9748
LYS  32,32,-5.5063
ASN  33,33,-74.0977
TRP  34,34,18.1904
MET  35,35,4.4865
THR  36,36,-19.5062
GLU  37,37,-60.5118
THR  38,38,-14.1622
LEU  39,39,-8.1436
LEU  40,40,-15.2945
VAL  41,41,-10.7182
GLN  42,42,-55.2050
ASN  43,43,-70.8358
ALA  44,44,3.7457
ASN  45,45,-60.5248
PRO  46,46,12.7523
ASP  47,47,-67.0074
CYX  48,48,10.6144
LYS  49,49,-9.8883
THR  50,50,-21.5402
ILE  51,51,11.2218
LEU  52,52,-5.8228
LYS  53,53,-3.5203
ALA  54,54,4.3274
LEU  55,55,-11.8013
GLY  56,56,8.1532
PRO  57,57,17.8277
GLY  58,58,-2.6732
ALA  59,59,5.7408
THR  60,60,-12.7464
LEU  61,61,-11.5592
GLU  62,62,-65.3293
GLU  63,63,-61.3584
MET  64,64,6.1197
MET  65,65,6.3110
THR  66,66,-18.4517
ALA  67,67,6.1371
CYX  68,68,7.6433
GLN  69,69,-51.5020
GLY  70,70,4.8301
VAL  71,71,-96.6511
PRO   1,1,-0.0404
ILE   2,2,-0.0010
VAL   3,3,-0.0003
GLN   4,4,0.0000
ASN   5,5,0.0013
LEU   6,6,0.0002
GLN   7,7,0.0002
GLY   8,8,0.0004
GLN   9,9,-0.0003
MET  10,10,-0.0007
VAL  11,11,0.0002
HID  12,12,-0.0007
GLN  13,13,0.0008
ALA  14,14,0.0003
ILE  15,15,-0.0003
SER  16,16,-0.0039
PRO  17,17,-0.0031
ARG  18,18,-0.0253
THR  19,19,-0.0072
LEU  20,20,-0.0104
ASN  21,21,-0.0110
ALA  22,22,-0.0190
TRP  23,23,-0.0542
VAL  24,24,-0.0297
LYS  25,25,-0.0238
VAL  26,26,-0.2843
VAL  27,27,-0.1249
GLU  28,28,-0.2491
GLU  29,29,-1.4401
LYS  30,30,2.1143
ALA  31,31,-2.8337
PHE  32,32,0.1378
SER  33,33,-0.8440
PRO  34,34,-2.1088
GLU  35,35,1.1929
VAL  36,36,-0.0570
ILE  37,37,-0.0710
PRO  38,38,-0.0325
MET  39,39,-0.0041
PHE  40,40,0.0003
SER  41,41,-0.0064
ALA  42,42,0.0019
LEU  43,43,0.0035
SER  44,44,0.0055
GLU  45,45,0.0503
GLY  46,46,-0.0005
ALA  47,47,0.0017
THR  48,48,-0.0038
PRO  49,49,-0.0027
GLN  50,50,-0.0020
ASP  51,51,0.0345
LEU  52,52,-0.0054
ASN  53,53,-0.0030
THR  54,54,-0.0023
MET  55,55,-0.0050
LEU  56,56,-0.0088
ASN  57,57,-0.0021
THR  58,58,0.0019
VAL  59,59,-0.0074
ALA  60,60,-0.0029
PRO  61,61,-0.0020
HID  62,62,-0.0069
GLN  63,63,-0.0073
ALA  64,64,-0.0083
ALA  65,65,-0.0010
ALA  66,66,0.0018
GLN  67,67,-0.0030
MET  68,68,-0.0060
LEU  69,69,0.0034
LYS  70,70,-0.0148
GLU  71,71,0.0297
THR  72,72,0.0016
ILE  73,73,0.0004
ASN  74,74,-0.0021
GLU  75,75,0.0507
GLU  76,76,0.0685
ALA  77,77,0.0001
ALA  78,78,-0.0007
GLU  79,79,0.0569
TRP  80,80,0.0003
ASP  81,81,0.0331
ARG  82,82,-0.0483
LEU  83,83,-0.0008
HID  84,84,-0.0007
PRO  85,85,0.0007
VAL  86,86,0.0002
HID  87,87,-0.0003
ALA  88,88,-0.0003
GLY  89,89,0.0007
PRO  90,90,0.0003
ILE  91,91,-0.0016
ALA  92,92,0.0010
PRO  93,93,0.0004
GLY  94,94,0.0006
GLN  95,95,-0.0004
MET  96,96,-0.0001
ARG  97,97,-0.0465
GLU  98,98,0.0492
PRO  99,99,-0.0000
ARG 100,100,-0.0353
GLY 101,101,0.0007
SER 102,102,0.0002
ASP 103,103,0.0395
ILE 104,104,-0.0003
ALA 105,105,-0.0013
GLY 106,106,-0.0010
THR 107,107,-0.0001
THR 108,108,-0.0002
SER 109,109,-0.0020
THR 110,110,0.0011
LEU 111,111,0.0009
GLN 112,112,0.0016
GLU 113,113,0.0527
GLN 114,114,0.0012
ILE 115,115,0.0001
GLY 116,116,0.0000
TRP 117,117,-0.0004
MET 118,118,-0.0004
THR 119,119,-0.0002
HID 120,120,0.0000
ASN 121,121,0.0001
PRO 122,122,-0.0002
PRO 123,123,-0.0002
ILE 124,124,-0.0004
PRO 125,125,-0.0005
VAL 126,126,-0.0012
GLY 127,127,-0.0013
GLU 128,128,0.0568
ILE 129,129,0.0008
TYR 130,130,-0.0020
LYS 131,131,-0.0506
ARG 132,132,-0.1156
TRP 133,133,-0.0006
ILE 134,134,-0.0034
ILE 135,135,0.0003
LEU 136,136,0.0039
GLY 137,137,0.0095
LEU 138,138,0.0107
ASN 139,139,0.0543
LYS 140,140,-0.0913
ILE 141,141,-0.0404
VAL 142,142,-0.5958
ARG 143,143,-1.0384
MET 144,144,-0.2514
TYR 145,145,-2.7733
SER 146,146,-0.4190
PRO 147,147,-0.4823
THR 148,148,-0.2206
SER 149,149,-4.6740
ILE 150,150,-11.4975
LEU 151,151,-5.7428
ASP 152,152,-0.9128
ILE 153,153,-2.4745
ARG 154,154,-0.9287
GLN 155,155,-0.0196
GLY 156,156,-0.0022
PRO 157,157,-0.0055
LYS 158,158,-0.0231
GLU 159,159,-0.1165
PRO 160,160,-0.0135
PHE 161,161,-0.0171
ARG 162,162,-0.0184
ASP 163,163,-0.0550
TYR 164,164,-0.0824
VAL 165,165,-0.0615
ASP 166,166,-0.1931
ARG 167,167,0.4689
PHE 168,168,-1.3512
TYR 169,169,-0.3163
LYS 170,170,-2.3356
THR 171,171,-3.3419
LEU 172,172,-1.1216
ARG 173,173,-5.4703
ALA 174,174,-1.7671
GLU 175,175,1.9409
GLN 176,176,-3.4599
ALA 177,177,-0.1634
SER 178,178,-0.0814
GLN 179,179,-0.0427
GLU 180,180,0.0283
VAL 181,181,-0.0634
LYS 182,182,-0.1307
ASN 183,183,-0.0194
TRP 184,184,-0.0376
MET 185,185,-0.6137
THR 186,186,-0.0477
GLU 187,187,-0.0063
THR 188,188,-0.0201
LEU 189,189,-0.7888
LEU 190,190,-0.0213
VAL 191,191,-0.0161
GLN 192,192,-0.1158
ASN 193,193,-1.4389
ALA 194,194,-0.0094
ASN 195,195,0.0010
PRO 196,196,-0.0031
ASP 197,197,-0.0052
CYX 198,198,-0.0048
LYS 199,199,-0.0017
THR 200,200,-0.0005
ILE 201,201,-0.0017
LEU 202,202,-0.0013
LYS 203,203,0.0039
ALA 204,204,0.0000
LEU 205,205,-0.0001
GLY 206,206,-0.0007
PRO 207,207,0.0001
GLY 208,208,0.0004
ALA 209,209,-0.0015
THR 210,210,-0.0004
LEU 211,211,-0.0046
GLU 212,212,-0.0100
GLU 213,213,0.0019
MET 214,214,-0.0025
MET 215,215,-0.0053
THR 216,216,-0.0016
ALA 217,217,0.0007
CYX 218,218,-0.0044
GLN 219,219,-0.0031
GLY 220,220,-0.0013
VAL 221,221,0.0206
