Residue Name,Residue Number,Binding Free Energy (kcal/mol)
PRO   1,1,-3.5750
ILE   2,2,13.4911
VAL   3,3,-10.0398
GLN   4,4,-54.9195
ASN   5,5,-66.9050
LEU   6,6,-5.8035
GLN   7,7,-53.6606
GLY   8,8,-3.2309
GLN   9,9,-54.7048
MET  10,10,9.8603
VAL  11,11,-9.5390
HID  12,12,16.3687
GLN  13,13,-54.8561
ALA  14,14,7.8739
ILE  15,15,10.7467
SER  16,16,7.2858
PRO  17,17,23.2494
ARG  18,18,-161.6441
THR  19,19,-20.6145
LEU  20,20,-12.3821
ASN  21,21,-72.0833
ALA  22,22,6.0421
TRP  23,23,16.4688
VAL  24,24,-2.9596
LYS  25,25,-5.4769
VAL  26,26,-13.9502
VAL  27,27,-13.9264
GLU  28,28,-63.2691
GLU  29,29,-54.0308
LYS  30,30,-9.3711
ALA  31,31,3.7649
PHE  32,32,12.7174
SER  33,33,7.9960
PRO  34,34,13.2441
GLU  35,35,-56.7968
VAL  36,36,-10.8850
ILE  37,37,20.7803
PRO  38,38,14.9516
MET  39,39,7.9573
PHE  40,40,4.4011
SER  41,41,-0.2892
ALA  42,42,8.8176
LEU  43,43,-11.1465
SER  44,44,-8.5825
GLU  45,45,-58.7834
GLY  46,46,-4.2767
ALA  47,47,4.4406
THR  48,48,-9.1816
PRO  49,49,8.9426
GLN  50,50,-57.3801
ASP  51,51,-55.7220
LEU  52,52,-16.5287
ASN  53,53,-75.0256
THR  54,54,-21.0018
MET  55,55,4.3552
LEU  56,56,-13.0146
ASN  57,57,-71.5072
THR  58,58,-15.2093
VAL  59,59,-10.1831
ALA  60,60,18.4163
PRO  61,61,16.0744
HID  62,62,15.7777
GLN  63,63,-51.1193
ALA  64,64,7.5501
ALA  65,65,6.9875
ALA  66,66,7.8933
GLN  67,67,-52.1010
MET  68,68,7.9855
LEU  69,69,-6.3488
LYS  70,70,-6.5749
GLU  71,71,-66.0515
THR  72,72,-18.6244
ILE  73,73,9.1749
ASN  74,74,-73.4586
GLU  75,75,-61.5678
GLU  76,76,-61.4900
ALA  77,77,4.2301
ALA  78,78,4.1496
GLU  79,79,-58.3800
TRP  80,80,13.8619
ASP  81,81,-51.7076
ARG  82,82,-166.2036
LEU  83,83,-15.5621
HID  84,84,24.5875
PRO  85,85,17.7978
VAL  86,86,-6.2069
HID  87,87,17.6843
ALA  88,88,9.2119
GLY  89,89,10.1931
PRO  90,90,19.4418
ILE  91,91,12.9417
ALA  92,92,18.2949
PRO  93,93,18.9424
GLY  94,94,-2.3984
GLN  95,95,-53.2452
MET  96,96,15.7223
ARG  97,97,-182.9429
GLU  98,98,-51.7850
PRO  99,99,18.5121
ARG 100,100,-174.1455
GLY 101,101,-10.0096
SER 102,102,-4.8215
ASP 103,103,-55.3750
ILE 104,104,7.8208
ALA 105,105,1.5152
GLY 106,106,-4.5972
THR 107,107,-15.9100
THR 108,108,-20.9819
SER 109,109,-2.0052
THR 110,110,-15.5073
LEU 111,111,-9.9981
GLN 112,112,-56.1418
GLU 113,113,-54.7388
GLN 114,114,-57.0680
ILE 115,115,6.0646
GLY 116,116,-3.7738
TRP 117,117,12.2461
MET 118,118,3.6908
THR 119,119,-20.5221
HID 120,120,14.8267
ASN 121,121,-54.8710
PRO 122,122,27.8103
PRO 123,123,15.6834
ILE 124,124,22.9218
PRO 125,125,17.6973
VAL 126,126,-11.9990
GLY 127,127,-5.6108
GLU 128,128,-58.4906
ILE 129,129,8.8080
TYR 130,130,-9.4816
LYS 131,131,-2.7703
ARG 132,132,-165.1191
TRP 133,133,12.2678
ILE 134,134,5.4962
ILE 135,135,9.2881
LEU 136,136,-14.3980
GLY 137,137,-4.4955
LEU 138,138,-15.0443
ASN 139,139,-65.8771
LYS 140,140,-2.9058
ILE 141,141,4.2831
VAL 142,142,-4.7528
ARG 143,143,-164.0590
MET 144,144,2.8792
TYR 145,145,-9.3043
SER 146,146,10.0577
PRO 147,147,16.1116
THR 148,148,-15.5462
SER 149,149,0.1017
ILE 150,150,12.6199
LEU 151,151,-11.5060
ASP 152,152,-65.9180
ILE 153,153,14.8958
ARG 154,154,-172.2322
GLN 155,155,-65.3546
GLY 156,156,7.0585
PRO 157,157,23.8775
LYS 158,158,-8.2757
GLU 159,159,-48.0367
PRO 160,160,15.8221
PHE 161,161,15.2312
ARG 162,162,-168.5070
ASP 163,163,-68.2556
TYR 164,164,-15.2328
VAL 165,165,-12.2164
ASP 166,166,-58.9429
ARG 167,167,-180.3726
PHE 168,168,0.8183
TYR 169,169,-2.2033
LYS 170,170,-8.3774
THR 171,171,-23.4753
LEU 172,172,-6.5594
ARG 173,173,-165.0507
ALA 174,174,-3.1538
GLU 175,175,-59.4374
GLN 176,176,-53.8035
ALA 177,177,6.3234
SER 178,178,-1.3552
GLN 179,179,-54.1910
GLU 180,180,-57.5026
VAL 181,181,-2.6923
LYS 182,182,-14.2132
ASN 183,183,-73.0469
TRP 184,184,16.4220
MET 185,185,3.3793
THR 186,186,-19.5460
GLU 187,187,-60.3654
THR 188,188,-12.2290
LEU 189,189,-9.2981
LEU 190,190,-14.4031
VAL 191,191,-9.5648
GLN 192,192,-55.3584
ASN 193,193,-72.4501
ALA 194,194,3.4844
ASN 195,195,-60.4570
PRO 196,196,12.4349
ASP 197,197,-63.8364
CYX 198,198,10.8695
LYS 199,199,-9.4360
THR 200,200,-20.7865
ILE 201,201,12.2495
LEU 202,202,-5.6633
LYS 203,203,-3.7489
ALA 204,204,4.7589
LEU 205,205,-11.2049
GLY 206,206,7.9982
PRO 207,207,18.2030
GLY 208,208,-2.3658
ALA 209,209,4.9494
THR 210,210,-15.2559
LEU 211,211,-11.5526
GLU 212,212,-64.1849
GLU 213,213,-56.5157
MET 214,214,5.6888
MET 215,215,5.7376
THR 216,216,-18.5749
ALA 217,217,6.7465
CYX 218,218,8.2981
GLN 219,219,-50.2781
GLY 220,220,6.4612
VAL 221,221,-98.6966
PRO   1,1,-3.5142
ILE   2,2,13.4910
VAL   3,3,-10.0391
GLN   4,4,-54.9199
ASN   5,5,-66.9059
LEU   6,6,-5.8034
GLN   7,7,-53.6606
GLY   8,8,-3.2311
GLN   9,9,-54.7052
MET  10,10,9.8609
VAL  11,11,-9.5396
HID  12,12,16.3696
GLN  13,13,-54.8558
ALA  14,14,7.8731
ILE  15,15,10.7488
SER  16,16,7.2865
PRO  17,17,23.2504
ARG  18,18,-161.5763
THR  19,19,-20.6134
LEU  20,20,-12.3797
ASN  21,21,-72.0786
ALA  22,22,6.0472
TRP  23,23,16.4853
VAL  24,24,-2.9443
LYS  25,25,-5.3960
VAL  26,26,-13.8831
VAL  27,27,-13.8720
GLU  28,28,-63.2233
GLU  29,29,-54.4588
LYS  30,30,-8.4130
ALA  31,31,3.1341
PHE  32,32,12.9688
SER  33,33,9.2939
PRO  34,34,14.0637
GLU  35,35,-57.3125
VAL  36,36,-10.7954
ILE  37,37,20.8255
PRO  38,38,14.9947
MET  39,39,8.0028
PHE  40,40,4.4121
SER  41,41,-0.2812
ALA  42,42,8.8228
LEU  43,43,-11.1407
SER  44,44,-8.5797
GLU  45,45,-58.8562
GLY  46,46,-4.2760
ALA  47,47,4.4410
THR  48,48,-9.1808
PRO  49,49,8.9434
GLN  50,50,-57.3797
ASP  51,51,-55.7783
LEU  52,52,-16.5286
ASN  53,53,-75.0235
THR  54,54,-20.9986
MET  55,55,4.3596
LEU  56,56,-13.0110
ASN  57,57,-71.5039
THR  58,58,-15.2050
VAL  59,59,-10.1732
ALA  60,60,18.4214
PRO  61,61,16.0819
HID  62,62,15.7658
GLN  63,63,-50.9780
ALA  64,64,7.5592
ALA  65,65,6.9932
ALA  66,66,7.8899
GLN  67,67,-52.0983
MET  68,68,7.9920
LEU  69,69,-6.3447
LYS  70,70,-6.5439
GLU  71,71,-66.0857
THR  72,72,-18.6223
ILE  73,73,9.1761
ASN  74,74,-73.4577
GLU  75,75,-61.6127
GLU  76,76,-61.5476
ALA  77,77,4.2301
ALA  78,78,4.1503
GLU  79,79,-58.4338
TRP  80,80,13.8619
ASP  81,81,-51.7484
ARG  82,82,-166.1554
LEU  83,83,-15.5621
HID  84,84,24.5880
PRO  85,85,17.7987
VAL  86,86,-6.2079
HID  87,87,17.6850
ALA  88,88,9.2116
GLY  89,89,10.1929
PRO  90,90,19.4416
ILE  91,91,12.9424
ALA  92,92,18.2945
PRO  93,93,18.9420
GLY  94,94,-2.3989
GLN  95,95,-53.2440
MET  96,96,15.7224
ARG  97,97,-182.8918
GLU  98,98,-51.8384
PRO  99,99,18.5126
ARG 100,100,-174.1047
GLY 101,101,-10.0104
SER 102,102,-4.8220
ASP 103,103,-55.4212
ILE 104,104,7.8205
ALA 105,105,1.5163
GLY 106,106,-4.5963
THR 107,107,-15.9102
THR 108,108,-20.9815
SER 109,109,-2.0035
THR 110,110,-15.5082
LEU 111,111,-9.9989
GLN 112,112,-56.1427
GLU 113,113,-54.7912
GLN 114,114,-57.0699
ILE 115,115,6.0639
GLY 116,116,-3.7741
TRP 117,117,12.2462
MET 118,118,3.6907
THR 119,119,-20.5217
HID 120,120,14.8269
ASN 121,121,-54.8709
PRO 122,122,27.8108
PRO 123,123,15.6836
ILE 124,124,22.9222
PRO 125,125,17.6976
VAL 126,126,-11.9989
GLY 127,127,-5.6108
GLU 128,128,-58.5597
ILE 129,129,8.8073
TYR 130,130,-9.4823
LYS 131,131,-2.7003
ARG 132,132,-165.0431
TRP 133,133,12.2684
ILE 134,134,5.4967
ILE 135,135,9.2871
LEU 136,136,-14.3976
GLY 137,137,-4.4927
LEU 138,138,-15.0464
ASN 139,139,-65.8771
LYS 140,140,-2.8342
ILE 141,141,4.3502
VAL 142,142,-4.7130
ARG 143,143,-163.8147
MET 144,144,2.9826
TYR 145,145,-6.6035
SER 146,146,10.4761
PRO 147,147,16.5493
THR 148,148,-15.1999
SER 149,149,3.8243
ILE 150,150,23.7769
LEU   1,1,-6.1982
ASP   2,2,-64.9706
ILE   3,3,17.5338
ARG   4,4,-171.4665
GLN   5,5,-65.3384
GLY   6,6,7.0651
PRO   7,7,23.8835
LYS   8,8,-8.2332
GLU   9,9,-47.8952
PRO  10,10,15.8419
PHE  11,11,15.2566
ARG  12,12,-168.4754
ASP  13,13,-68.2027
TYR  14,14,-15.0947
VAL  15,15,-12.1412
ASP  16,16,-58.8063
ARG  17,17,-180.9132
PHE  18,18,2.0018
TYR  19,19,-1.9231
LYS  20,20,-6.4587
THR  21,21,-20.0404
LEU  22,22,-5.5545
ARG  23,23,-163.4435
ALA  24,24,-0.9902
GLU  25,25,-60.6747
GLN  26,26,-51.7839
ALA  27,27,6.3939
SER  28,28,-1.3032
GLN  29,29,-54.1532
GLU  30,30,-57.5991
VAL  31,31,-2.6251
LYS  32,32,-13.7467
ASN  33,33,-73.0196
TRP  34,34,16.4725
MET  35,35,4.0463
THR  36,36,-19.4994
GLU  37,37,-60.4067
THR  38,38,-12.2177
LEU  39,39,-8.6241
LEU  40,40,-14.3743
VAL  41,41,-9.5524
GLN  42,42,-55.2796
ASN  43,43,-71.2311
ALA  44,44,3.4854
ASN  45,45,-60.4543
PRO  46,46,12.4379
ASP  47,47,-63.8654
CYX  48,48,10.8711
LYS  49,49,-9.3787
THR  50,50,-20.7874
ILE  51,51,12.2483
LEU  52,52,-5.6637
LYS  53,53,-3.7129
ALA  54,54,4.7588
LEU  55,55,-11.2044
GLY  56,56,7.9980
PRO  57,57,18.2035
GLY  58,58,-2.3648
ALA  59,59,4.9494
THR  60,60,-15.2533
LEU  61,61,-11.5441
GLU  62,62,-64.2065
GLU  63,63,-56.5499
MET  64,64,5.6918
MET  65,65,5.7435
THR  66,66,-18.5738
ALA  67,67,6.7462
CYX  68,68,8.3015
GLN  69,69,-50.2745
GLY  70,70,6.4620
VAL  71,71,-98.7286
PRO   1,1,-0.0608
ILE   2,2,0.0001
VAL   3,3,-0.0008
GLN   4,4,0.0004
ASN   5,5,0.0009
LEU   6,6,-0.0000
GLN   7,7,0.0000
GLY   8,8,0.0001
GLN   9,9,0.0004
MET  10,10,-0.0006
VAL  11,11,0.0006
HID  12,12,-0.0009
GLN  13,13,-0.0003
ALA  14,14,0.0008
ILE  15,15,-0.0021
SER  16,16,-0.0007
PRO  17,17,-0.0010
ARG  18,18,-0.0679
THR  19,19,-0.0011
LEU  20,20,-0.0025
ASN  21,21,-0.0047
ALA  22,22,-0.0052
TRP  23,23,-0.0164
VAL  24,24,-0.0153
LYS  25,25,-0.0809
VAL  26,26,-0.0671
VAL  27,27,-0.0544
GLU  28,28,-0.0458
GLU  29,29,0.4280
LYS  30,30,-0.9581
ALA  31,31,0.6308
PHE  32,32,-0.2515
SER  33,33,-1.2979
PRO  34,34,-0.8195
GLU  35,35,0.5157
VAL  36,36,-0.0897
ILE  37,37,-0.0453
PRO  38,38,-0.0431
MET  39,39,-0.0455
PHE  40,40,-0.0110
SER  41,41,-0.0079
ALA  42,42,-0.0051
LEU  43,43,-0.0058
SER  44,44,-0.0028
GLU  45,45,0.0728
GLY  46,46,-0.0007
ALA  47,47,-0.0005
THR  48,48,-0.0009
PRO  49,49,-0.0007
GLN  50,50,-0.0004
ASP  51,51,0.0563
LEU  52,52,-0.0000
ASN  53,53,-0.0021
THR  54,54,-0.0031
MET  55,55,-0.0044
LEU  56,56,-0.0036
ASN  57,57,-0.0034
THR  58,58,-0.0043
VAL  59,59,-0.0099
ALA  60,60,-0.0051
PRO  61,61,-0.0075
HID  62,62,0.0119
GLN  63,63,-0.1413
ALA  64,64,-0.0091
ALA  65,65,-0.0057
ALA  66,66,0.0034
GLN  67,67,-0.0028
MET  68,68,-0.0065
LEU  69,69,-0.0041
LYS  70,70,-0.0311
GLU  71,71,0.0342
THR  72,72,-0.0022
ILE  73,73,-0.0012
ASN  74,74,-0.0008
GLU  75,75,0.0449
GLU  76,76,0.0576
ALA  77,77,-0.0000
ALA  78,78,-0.0007
GLU  79,79,0.0538
TRP  80,80,0.0000
ASP  81,81,0.0408
ARG  82,82,-0.0482
LEU  83,83,-0.0000
HID  84,84,-0.0005
PRO  85,85,-0.0009
VAL  86,86,0.0009
HID  87,87,-0.0007
ALA  88,88,0.0003
GLY  89,89,0.0003
PRO  90,90,0.0002
ILE  91,91,-0.0007
ALA  92,92,0.0003
PRO  93,93,0.0004
GLY  94,94,0.0005
GLN  95,95,-0.0012
MET  96,96,-0.0001
ARG  97,97,-0.0511
GLU  98,98,0.0534
PRO  99,99,-0.0004
ARG 100,100,-0.0408
GLY 101,101,0.0008
SER 102,102,0.0005
ASP 103,103,0.0462
ILE 104,104,0.0002
ALA 105,105,-0.0011
GLY 106,106,-0.0008
THR 107,107,0.0002
THR 108,108,-0.0004
SER 109,109,-0.0017
THR 110,110,0.0009
LEU 111,111,0.0008
GLN 112,112,0.0009
GLU 113,113,0.0524
GLN 114,114,0.0019
ILE 115,115,0.0007
GLY 116,116,0.0003
TRP 117,117,-0.0001
MET 118,118,0.0001
THR 119,119,-0.0004
HID 120,120,-0.0002
ASN 121,121,-0.0001
PRO 122,122,-0.0005
PRO 123,123,-0.0002
ILE 124,124,-0.0004
PRO 125,125,-0.0003
VAL 126,126,-0.0002
GLY 127,127,0.0000
GLU 128,128,0.0691
ILE 129,129,0.0007
TYR 130,130,0.0007
LYS 131,131,-0.0701
ARG 132,132,-0.0760
TRP 133,133,-0.0006
ILE 134,134,-0.0005
ILE 135,135,0.0010
LEU 136,136,-0.0004
GLY 137,137,-0.0029
LEU 138,138,0.0021
ASN 139,139,0.0001
LYS 140,140,-0.0717
ILE 141,141,-0.0671
VAL 142,142,-0.0399
ARG 143,143,-0.2443
MET 144,144,-0.1033
TYR 145,145,-2.7008
SER 146,146,-0.4185
PRO 147,147,-0.4377
THR 148,148,-0.3464
SER 149,149,-3.7226
ILE 150,150,-11.1569
LEU 151,151,-5.3078
ASP 152,152,-0.9473
ILE 153,153,-2.6380
ARG 154,154,-0.7658
GLN 155,155,-0.0162
GLY 156,156,-0.0066
PRO 157,157,-0.0060
LYS 158,158,-0.0425
GLU 159,159,-0.1415
PRO 160,160,-0.0198
PHE 161,161,-0.0254
ARG 162,162,-0.0316
ASP 163,163,-0.0529
TYR 164,164,-0.1380
VAL 165,165,-0.0753
ASP 166,166,-0.1366
ARG 167,167,0.5406
PHE 168,168,-1.1835
TYR 169,169,-0.2802
LYS 170,170,-1.9187
THR 171,171,-3.4348
LEU 172,172,-1.0048
ARG 173,173,-1.6072
ALA 174,174,-2.1637
GLU 175,175,1.2373
GLN 176,176,-2.0196
ALA 177,177,-0.0706
SER 178,178,-0.0520
GLN 179,179,-0.0378
GLU 180,180,0.0965
VAL 181,181,-0.0672
LYS 182,182,-0.4665
ASN 183,183,-0.0273
TRP 184,184,-0.0505
MET 185,185,-0.6671
THR 186,186,-0.0466
GLU 187,187,0.0413
THR 188,188,-0.0113
LEU 189,189,-0.6740
LEU 190,190,-0.0288
VAL 191,191,-0.0124
GLN 192,192,-0.0788
ASN 193,193,-1.2190
ALA 194,194,-0.0010
ASN 195,195,-0.0027
PRO 196,196,-0.0030
ASP 197,197,0.0290
CYX 198,198,-0.0017
LYS 199,199,-0.0574
THR 200,200,0.0009
ILE 201,201,0.0013
LEU 202,202,0.0004
LYS 203,203,-0.0360
ALA 204,204,0.0001
LEU 205,205,-0.0004
GLY 206,206,0.0003
PRO 207,207,-0.0005
GLY 208,208,-0.0009
ALA 209,209,-0.0000
THR 210,210,-0.0026
LEU 211,211,-0.0085
GLU 212,212,0.0216
GLU 213,213,0.0342
MET 214,214,-0.0030
MET 215,215,-0.0060
THR 216,216,-0.0011
ALA 217,217,0.0003
CYX 218,218,-0.0034
GLN 219,219,-0.0036
GLY 220,220,-0.0008
VAL 221,221,0.0319
