Residue Name,Residue Number,Binding Free Energy (kcal/mol)
PRO   1,1,1.2616
ILE   2,2,12.7818
VAL   3,3,-9.9681
GLN   4,4,-54.5823
ASN   5,5,-67.1323
LEU   6,6,-6.4073
GLN   7,7,-53.5649
GLY   8,8,-3.5506
GLN   9,9,-53.4076
MET  10,10,9.1742
VAL  11,11,-9.8655
HID  12,12,13.8508
GLN  13,13,-55.5645
ALA  14,14,8.6291
ILE  15,15,11.5443
SER  16,16,8.5625
PRO  17,17,23.8308
ARG  18,18,-160.5949
THR  19,19,-20.8644
LEU  20,20,-10.4415
ASN  21,21,-72.0349
ALA  22,22,5.1780
TRP  23,23,18.4186
VAL  24,24,-2.8214
LYS  25,25,-4.4700
VAL  26,26,-13.8885
VAL  27,27,-13.5093
GLU  28,28,-60.1287
GLU  29,29,-52.1265
LYS  30,30,-3.6257
ALA  31,31,4.1933
PHE  32,32,11.2846
SER  33,33,8.5633
PRO  34,34,11.5297
GLU  35,35,-52.6645
VAL  36,36,-10.8652
ILE  37,37,19.5372
PRO  38,38,15.5684
MET  39,39,6.7372
PHE  40,40,4.7107
SER  41,41,-2.1769
ALA  42,42,8.5801
LEU  43,43,-12.2752
SER  44,44,-6.7258
GLU  45,45,-57.6362
GLY  46,46,-4.7463
ALA  47,47,4.3911
THR  48,48,-9.2322
PRO  49,49,10.6325
GLN  50,50,-58.9361
ASP  51,51,-59.8081
LEU  52,52,-15.7740
ASN  53,53,-75.4870
THR  54,54,-18.1068
MET  55,55,6.4597
LEU  56,56,-13.9614
ASN  57,57,-70.9153
THR  58,58,-14.3817
VAL  59,59,-10.1189
ALA  60,60,19.4319
PRO  61,61,15.4628
HID  62,62,16.7093
GLN  63,63,-51.1274
ALA  64,64,6.8968
ALA  65,65,4.9683
ALA  66,66,3.9143
GLN  67,67,-53.2136
MET  68,68,6.2035
LEU  69,69,-6.4978
LYS  70,70,-8.5436
GLU  71,71,-66.7870
THR  72,72,-20.4616
ILE  73,73,9.8414
ASN  74,74,-72.5714
GLU  75,75,-60.7479
GLU  76,76,-60.8088
ALA  77,77,3.9182
ALA  78,78,4.2885
GLU  79,79,-57.3811
TRP  80,80,12.7092
ASP  81,81,-49.8436
ARG  82,82,-167.9137
LEU  83,83,-12.8936
HID  84,84,25.0701
PRO  85,85,19.8063
VAL  86,86,-7.3119
HID  87,87,17.0066
ALA  88,88,8.7365
GLY  89,89,10.0327
PRO  90,90,18.9657
ILE  91,91,11.9320
ALA  92,92,18.6065
PRO  93,93,18.9713
GLY  94,94,-2.4528
GLN  95,95,-52.5671
MET  96,96,15.3508
ARG  97,97,-184.5325
GLU  98,98,-46.7067
PRO  99,99,18.6773
ARG 100,100,-177.2275
GLY 101,101,-9.9216
SER 102,102,-5.0761
ASP 103,103,-51.3769
ILE 104,104,8.3593
ALA 105,105,1.4140
GLY 106,106,-4.8847
THR 107,107,-16.1991
THR 108,108,-20.2058
SER 109,109,-4.1389
THR 110,110,-13.8028
LEU 111,111,-9.8934
GLN 112,112,-56.5143
GLU 113,113,-55.8214
GLN 114,114,-56.9786
ILE 115,115,7.3979
GLY 116,116,-3.4008
TRP 117,117,13.8156
MET 118,118,4.2632
THR 119,119,-19.4288
HID 120,120,14.6809
ASN 121,121,-54.4651
PRO 122,122,27.5050
PRO 123,123,14.2928
ILE 124,124,21.3006
PRO 125,125,19.1885
VAL 126,126,-8.4411
GLY 127,127,-5.8166
GLU 128,128,-54.0508
ILE 129,129,9.7250
TYR 130,130,-8.6676
LYS 131,131,-3.3257
ARG 132,132,-169.1075
TRP 133,133,11.8314
ILE 134,134,5.9740
ILE 135,135,8.4769
LEU 136,136,-11.4992
GLY 137,137,-4.2910
LEU 138,138,-15.0517
ASN 139,139,-63.8745
LYS 140,140,-4.8050
ILE 141,141,3.6071
VAL 142,142,-6.2479
ARG 143,143,-173.8473
MET 144,144,2.4637
TYR 145,145,-9.7811
SER 146,146,11.5742
PRO 147,147,17.4203
THR 148,148,-15.8805
SER 149,149,0.9277
ILE 150,150,13.4954
LEU 151,151,-12.1368
ASP 152,152,-65.6736
ILE 153,153,15.3118
ARG 154,154,-172.5058
GLN 155,155,-66.6738
GLY 156,156,7.8483
PRO 157,157,24.0132
LYS 158,158,-3.2976
GLU 159,159,-46.7215
PRO 160,160,15.0376
PHE 161,161,15.7868
ARG 162,162,-165.0148
ASP 163,163,-68.8430
TYR 164,164,-13.7389
VAL 165,165,-13.0675
ASP 166,166,-60.3796
ARG 167,167,-181.5458
PHE 168,168,0.5520
TYR 169,169,-3.0654
LYS 170,170,-6.9903
THR 171,171,-21.6880
LEU 172,172,-6.6369
ARG 173,173,-162.5512
ALA 174,174,-0.8707
GLU 175,175,-52.6138
GLN 176,176,-53.1929
ALA 177,177,5.9083
SER 178,178,-0.3744
GLN 179,179,-53.1377
GLU 180,180,-58.0268
VAL 181,181,-3.8344
LYS 182,182,-5.7098
ASN 183,183,-74.2892
TRP 184,184,18.6316
MET 185,185,4.4169
THR 186,186,-20.1839
GLU 187,187,-61.3779
THR 188,188,-14.8828
LEU 189,189,-8.2661
LEU 190,190,-13.2924
VAL 191,191,-10.0836
GLN 192,192,-54.6216
ASN 193,193,-72.1470
ALA 194,194,2.3972
ASN 195,195,-61.7898
PRO 196,196,13.1350
ASP 197,197,-63.2466
CYX 198,198,11.2362
LYS 199,199,-7.5996
THR 200,200,-20.9099
ILE 201,201,12.4435
LEU 202,202,-8.5634
LYS 203,203,-3.8976
ALA 204,204,4.0161
LEU 205,205,-10.6373
GLY 206,206,7.5450
PRO 207,207,17.9702
GLY 208,208,-2.4366
ALA 209,209,5.1043
THR 210,210,-15.3778
LEU 211,211,-12.2897
GLU 212,212,-63.7967
GLU 213,213,-57.0358
MET 214,214,5.8555
MET 215,215,5.7782
THR 216,216,-19.2653
ALA 217,217,5.7122
CYX 218,218,5.4144
GLN 219,219,-51.9397
GLY 220,220,5.3104
VAL 221,221,-100.2642
PRO   1,1,1.3150
ILE   2,2,12.7830
VAL   3,3,-9.9677
GLN   4,4,-54.5818
ASN   5,5,-67.1329
LEU   6,6,-6.4073
GLN   7,7,-53.5649
GLY   8,8,-3.5507
GLN   9,9,-53.4075
MET  10,10,9.1741
VAL  11,11,-9.8653
HID  12,12,13.8509
GLN  13,13,-55.5654
ALA  14,14,8.6299
ILE  15,15,11.5444
SER  16,16,8.5655
PRO  17,17,23.8328
ARG  18,18,-160.5434
THR  19,19,-20.8570
LEU  20,20,-10.4359
ASN  21,21,-72.0312
ALA  22,22,5.1864
TRP  23,23,18.4412
VAL  24,24,-2.8159
LYS  25,25,-4.4300
VAL  26,26,-13.8583
VAL  27,27,-13.4967
GLU  28,28,-60.1554
GLU  29,29,-52.1194
LYS  30,30,-3.6815
ALA  31,31,4.2427
PHE  32,32,11.3748
SER  33,33,9.6672
PRO  34,34,13.7323
GLU  35,35,-55.5596
VAL  36,36,-10.8262
ILE  37,37,19.6666
PRO  38,38,15.6280
MET  39,39,6.7047
PHE  40,40,4.6937
SER  41,41,-2.2016
ALA  42,42,8.5718
LEU  43,43,-12.2825
SER  44,44,-6.7327
GLU  45,45,-57.6642
GLY  46,46,-4.7460
ALA  47,47,4.3901
THR  48,48,-9.2299
PRO  49,49,10.6340
GLN  50,50,-58.9358
ASP  51,51,-59.8614
LEU  52,52,-15.7710
ASN  53,53,-75.4858
THR  54,54,-18.1063
MET  55,55,6.4661
LEU  56,56,-13.9581
ASN  57,57,-70.9160
THR  58,58,-14.3809
VAL  59,59,-10.1161
ALA  60,60,19.4310
PRO  61,61,15.4628
HID  62,62,16.7148
GLN  63,63,-51.1268
ALA  64,64,6.8954
ALA  65,65,4.9676
ALA  66,66,3.9154
GLN  67,67,-53.2092
MET  68,68,6.2124
LEU  69,69,-6.4943
LYS  70,70,-8.4573
GLU  71,71,-66.8998
THR  72,72,-20.4573
ILE  73,73,9.8448
ASN  74,74,-72.5646
GLU  75,75,-60.8741
GLU  76,76,-60.9185
ALA  77,77,3.9203
ALA  78,78,4.2911
GLU  79,79,-57.4865
TRP  80,80,12.7107
ASP  81,81,-49.9146
ARG  82,82,-167.8110
LEU  83,83,-12.8920
HID  84,84,25.0713
PRO  85,85,19.8074
VAL  86,86,-7.3121
HID  87,87,17.0059
ALA  88,88,8.7366
GLY  89,89,10.0320
PRO  90,90,18.9656
ILE  91,91,11.9325
ALA  92,92,18.6061
PRO  93,93,18.9713
GLY  94,94,-2.4526
GLN  95,95,-52.5671
MET  96,96,15.3518
ARG  97,97,-184.4666
GLU  98,98,-46.7695
PRO  99,99,18.6781
ARG 100,100,-177.1593
GLY 101,101,-9.9204
SER 102,102,-5.0756
ASP 103,103,-51.4409
ILE 104,104,8.3615
ALA 105,105,1.4147
GLY 106,106,-4.8846
THR 107,107,-16.1982
THR 108,108,-20.2059
SER 109,109,-4.1386
THR 110,110,-13.8028
LEU 111,111,-9.8936
GLN 112,112,-56.5145
GLU 113,113,-55.8839
GLN 114,114,-56.9776
ILE 115,115,7.3980
GLY 116,116,-3.4004
TRP 117,117,13.8163
MET 118,118,4.2637
THR 119,119,-19.4284
HID 120,120,14.6811
ASN 121,121,-54.4650
PRO 122,122,27.5062
PRO 123,123,14.2932
ILE 124,124,21.3007
PRO 125,125,19.1895
VAL 126,126,-8.4396
GLY 127,127,-5.8129
GLU 128,128,-54.0726
ILE 129,129,9.7299
TYR 130,130,-8.6640
LYS 131,131,-3.3239
ARG 132,132,-169.0453
TRP 133,133,11.8364
ILE 134,134,5.9749
ILE 135,135,8.5399
LEU 136,136,-11.3865
GLY 137,137,-4.3085
LEU 138,138,-15.0369
ASN 139,139,-64.4438
LYS 140,140,-4.4571
ILE 141,141,3.6845
VAL 142,142,-5.0358
ARG 143,143,-162.7834
MET 144,144,2.5684
TYR 145,145,-9.6374
SER 146,146,10.4981
PRO 147,147,17.8676
THR 148,148,-15.9472
SER 149,149,4.5903
ILE 150,150,23.6338
LEU   1,1,-6.6766
ASP   2,2,-64.9002
ILE   3,3,17.7749
ARG   4,4,-171.5112
GLN   5,5,-66.6624
GLY   6,6,7.8560
PRO   7,7,24.0230
LYS   8,8,-3.1552
GLU   9,9,-46.8304
PRO  10,10,15.0377
PHE  11,11,15.7883
ARG  12,12,-164.9261
ASP  13,13,-68.9139
TYR  14,14,-13.7234
VAL  15,15,-13.0343
ASP  16,16,-60.3125
ARG  17,17,-181.7876
PHE  18,18,1.5316
TYR  19,19,-2.7317
LYS  20,20,-4.8249
THR  21,21,-20.2838
LEU  22,22,-5.6059
ARG  23,23,-163.7168
ALA  24,24,-0.1336
GLU  25,25,-62.1763
GLN  26,26,-51.9688
ALA  27,27,6.0312
SER  28,28,-0.3222
GLN  29,29,-53.1096
GLU  30,30,-58.1740
VAL  31,31,-3.7755
LYS  32,32,-5.5648
ASN  33,33,-74.2762
TRP  34,34,18.6736
MET  35,35,4.9589
THR  36,36,-20.1607
GLU  37,37,-61.5015
THR  38,38,-14.8399
LEU  39,39,-7.6393
LEU  40,40,-13.2711
VAL  41,41,-10.0882
GLN  42,42,-54.5418
ASN  43,43,-71.7116
ALA  44,44,2.4047
ASN  45,45,-61.7918
PRO  46,46,13.1374
ASP  47,47,-63.3620
CYX  48,48,11.2423
LYS  49,49,-7.4375
THR  50,50,-20.9074
ILE  51,51,12.4473
LEU  52,52,-8.5566
LYS  53,53,-3.7843
ALA  54,54,4.0180
LEU  55,55,-10.6339
GLY  56,56,7.5455
PRO  57,57,17.9739
GLY  58,58,-2.4340
ALA  59,59,5.1036
THR  60,60,-15.3759
LEU  61,61,-12.2826
GLU  62,62,-63.8569
GLU  63,63,-57.1170
MET  64,64,5.8598
MET  65,65,5.7824
THR  66,66,-19.2648
ALA  67,67,5.7146
CYX  68,68,5.4155
GLN  69,69,-51.9384
GLY  70,70,5.3122
VAL  71,71,-100.3399
PRO   1,1,-0.0534
ILE   2,2,-0.0012
VAL   3,3,-0.0004
GLN   4,4,-0.0005
ASN   5,5,0.0005
LEU   6,6,0.0000
GLN   7,7,0.0000
GLY   8,8,0.0000
GLN   9,9,-0.0001
MET  10,10,0.0002
VAL  11,11,-0.0002
HID  12,12,-0.0002
GLN  13,13,0.0009
ALA  14,14,-0.0008
ILE  15,15,-0.0001
SER  16,16,-0.0030
PRO  17,17,-0.0021
ARG  18,18,-0.0515
THR  19,19,-0.0074
LEU  20,20,-0.0055
ASN  21,21,-0.0037
ALA  22,22,-0.0085
TRP  23,23,-0.0227
VAL  24,24,-0.0055
LYS  25,25,-0.0400
VAL  26,26,-0.0302
VAL  27,27,-0.0125
GLU  28,28,0.0267
GLU  29,29,-0.0071
LYS  30,30,0.0557
ALA  31,31,-0.0494
PHE  32,32,-0.0902
SER  33,33,-1.1039
PRO  34,34,-2.2025
GLU  35,35,2.8952
VAL  36,36,-0.0391
ILE  37,37,-0.1294
PRO  38,38,-0.0596
MET  39,39,0.0325
PHE  40,40,0.0170
SER  41,41,0.0246
ALA  42,42,0.0083
LEU  43,43,0.0073
SER  44,44,0.0068
GLU  45,45,0.0280
GLY  46,46,-0.0003
ALA  47,47,0.0010
THR  48,48,-0.0023
PRO  49,49,-0.0015
GLN  50,50,-0.0003
ASP  51,51,0.0533
LEU  52,52,-0.0030
ASN  53,53,-0.0013
THR  54,54,-0.0005
MET  55,55,-0.0064
LEU  56,56,-0.0033
ASN  57,57,0.0007
THR  58,58,-0.0008
VAL  59,59,-0.0028
ALA  60,60,0.0009
PRO  61,61,-0.0000
HID  62,62,-0.0056
GLN  63,63,-0.0006
ALA  64,64,0.0014
ALA  65,65,0.0008
ALA  66,66,-0.0012
GLN  67,67,-0.0044
MET  68,68,-0.0088
LEU  69,69,-0.0036
LYS  70,70,-0.0863
GLU  71,71,0.1129
THR  72,72,-0.0042
ILE  73,73,-0.0034
ASN  74,74,-0.0068
GLU  75,75,0.1262
GLU  76,76,0.1097
ALA  77,77,-0.0021
ALA  78,78,-0.0026
GLU  79,79,0.1055
TRP  80,80,-0.0015
ASP  81,81,0.0709
ARG  82,82,-0.1027
LEU  83,83,-0.0016
HID  84,84,-0.0012
PRO  85,85,-0.0011
VAL  86,86,0.0002
HID  87,87,0.0007
ALA  88,88,-0.0001
GLY  89,89,0.0007
PRO  90,90,0.0001
ILE  91,91,-0.0006
ALA  92,92,0.0004
PRO  93,93,0.0001
GLY  94,94,-0.0002
GLN  95,95,-0.0001
MET  96,96,-0.0010
ARG  97,97,-0.0659
GLU  98,98,0.0628
PRO  99,99,-0.0009
ARG 100,100,-0.0682
GLY 101,101,-0.0012
SER 102,102,-0.0006
ASP 103,103,0.0640
ILE 104,104,-0.0023
ALA 105,105,-0.0007
GLY 106,106,-0.0001
THR 107,107,-0.0009
THR 108,108,0.0001
SER 109,109,-0.0003
THR 110,110,0.0000
LEU 111,111,0.0002
GLN 112,112,0.0002
GLU 113,113,0.0625
GLN 114,114,-0.0010
ILE 115,115,-0.0001
GLY 116,116,-0.0004
TRP 117,117,-0.0007
MET 118,118,-0.0005
THR 119,119,-0.0003
HID 120,120,-0.0002
ASN 121,121,-0.0001
PRO 122,122,-0.0012
PRO 123,123,-0.0004
ILE 124,124,-0.0001
PRO 125,125,-0.0010
VAL 126,126,-0.0014
GLY 127,127,-0.0037
GLU 128,128,0.0217
ILE 129,129,-0.0049
TYR 130,130,-0.0036
LYS 131,131,-0.0018
ARG 132,132,-0.0621
TRP 133,133,-0.0050
ILE 134,134,-0.0009
ILE 135,135,-0.0630
LEU 136,136,-0.1127
GLY 137,137,0.0175
LEU 138,138,-0.0147
ASN 139,139,0.5694
LYS 140,140,-0.3480
ILE 141,141,-0.0774
VAL 142,142,-1.2122
ARG 143,143,-11.0638
MET 144,144,-0.1048
TYR 145,145,-0.1437
SER 146,146,1.0761
PRO 147,147,-0.4473
THR 148,148,0.0666
SER 149,149,-3.6626
ILE 150,150,-10.1385
LEU 151,151,-5.4602
ASP 152,152,-0.7734
ILE 153,153,-2.4631
ARG 154,154,-0.9946
GLN 155,155,-0.0114
GLY 156,156,-0.0077
PRO 157,157,-0.0098
LYS 158,158,-0.1424
GLU 159,159,0.1089
PRO 160,160,-0.0001
PHE 161,161,-0.0014
ARG 162,162,-0.0888
ASP 163,163,0.0709
TYR 164,164,-0.0156
VAL 165,165,-0.0332
ASP 166,166,-0.0671
ARG 167,167,0.2418
PHE 168,168,-0.9795
TYR 169,169,-0.3338
LYS 170,170,-2.1654
THR 171,171,-1.4042
LEU 172,172,-1.0310
ARG 173,173,1.1656
ALA 174,174,-0.7371
GLU 175,175,9.5625
GLN 176,176,-1.2241
ALA 177,177,-0.1229
SER 178,178,-0.0522
GLN 179,179,-0.0281
GLU 180,180,0.1472
VAL 181,181,-0.0588
LYS 182,182,-0.1450
ASN 183,183,-0.0130
TRP 184,184,-0.0420
MET 185,185,-0.5420
THR 186,186,-0.0232
GLU 187,187,0.1236
THR 188,188,-0.0429
LEU 189,189,-0.6268
LEU 190,190,-0.0212
VAL 191,191,0.0046
GLN 192,192,-0.0798
ASN 193,193,-0.4354
ALA 194,194,-0.0075
ASN 195,195,0.0020
PRO 196,196,-0.0023
ASP 197,197,0.1154
CYX 198,198,-0.0061
LYS 199,199,-0.1622
THR 200,200,-0.0025
ILE 201,201,-0.0038
LEU 202,202,-0.0068
LYS 203,203,-0.1133
ALA 204,204,-0.0019
LEU 205,205,-0.0034
GLY 206,206,-0.0004
PRO 207,207,-0.0038
GLY 208,208,-0.0026
ALA 209,209,0.0008
THR 210,210,-0.0020
LEU 211,211,-0.0070
GLU 212,212,0.0601
GLU 213,213,0.0812
MET 214,214,-0.0043
MET 215,215,-0.0041
THR 216,216,-0.0004
ALA 217,217,-0.0024
CYX 218,218,-0.0012
GLN 219,219,-0.0013
GLY 220,220,-0.0018
VAL 221,221,0.0758
