Residue Name,Residue Number,Binding Free Energy (kcal/mol)
PRO   1,1,-3.9826
ILE   2,2,15.1360
VAL   3,3,-9.4555
GLN   4,4,-53.8826
ASN   5,5,-66.6177
LEU   6,6,-5.5901
GLN   7,7,-54.3126
GLY   8,8,-3.3763
GLN   9,9,-54.0292
MET  10,10,8.0349
VAL  11,11,-9.9695
HID  12,12,17.3090
GLN  13,13,-55.1312
ALA  14,14,8.7825
ILE  15,15,11.5104
SER  16,16,8.1110
PRO  17,17,22.7470
ARG  18,18,-161.4218
THR  19,19,-21.1426
LEU  20,20,-11.3709
ASN  21,21,-71.0956
ALA  22,22,6.0926
TRP  23,23,16.1711
VAL  24,24,-3.3123
LYS  25,25,-2.6872
VAL  26,26,-13.2727
VAL  27,27,-12.6334
GLU  28,28,-57.4072
GLU  29,29,-47.1677
LYS  30,30,-3.2675
ALA  31,31,3.5829
PHE  32,32,14.8988
SER  33,33,12.5199
PRO  34,34,13.5519
GLU  35,35,-58.6031
VAL  36,36,-10.8713
ILE  37,37,20.7058
PRO  38,38,15.2646
MET  39,39,7.8279
PHE  40,40,5.0347
SER  41,41,-1.4301
ALA  42,42,8.1802
LEU  43,43,-10.8374
SER  44,44,-6.6356
GLU  45,45,-58.1732
GLY  46,46,-3.9230
ALA  47,47,4.5341
THR  48,48,-9.6084
PRO  49,49,10.1028
GLN  50,50,-57.2843
ASP  51,51,-56.7959
LEU  52,52,-16.6901
ASN  53,53,-75.4935
THR  54,54,-18.0766
MET  55,55,3.8172
LEU  56,56,-12.0789
ASN  57,57,-69.9872
THR  58,58,-14.9272
VAL  59,59,-9.5407
ALA  60,60,18.9100
PRO  61,61,15.0222
HID  62,62,14.8597
GLN  63,63,-51.0408
ALA  64,64,6.7366
ALA  65,65,4.7539
ALA  66,66,3.9243
GLN  67,67,-53.8932
MET  68,68,5.9723
LEU  69,69,-6.9266
LYS  70,70,-7.8532
GLU  71,71,-66.2706
THR  72,72,-19.3541
ILE  73,73,8.7857
ASN  74,74,-72.0353
GLU  75,75,-62.1382
GLU  76,76,-60.0175
ALA  77,77,3.9462
ALA  78,78,4.5727
GLU  79,79,-57.4679
TRP  80,80,12.3312
ASP  81,81,-49.9212
ARG  82,82,-169.0606
LEU  83,83,-15.1545
HID  84,84,25.9058
PRO  85,85,19.9147
VAL  86,86,-7.0783
HID  87,87,15.3670
ALA  88,88,8.4638
GLY  89,89,8.9024
PRO  90,90,19.0182
ILE  91,91,9.8823
ALA  92,92,18.4433
PRO  93,93,19.2542
GLY  94,94,-2.5085
GLN  95,95,-53.3734
MET  96,96,14.5308
ARG  97,97,-185.6511
GLU  98,98,-54.0615
PRO  99,99,18.0471
ARG 100,100,-174.0959
GLY 101,101,-8.9821
SER 102,102,-5.1902
ASP 103,103,-57.0349
ILE 104,104,7.0406
ALA 105,105,2.1483
GLY 106,106,-4.0388
THR 107,107,-15.4192
THR 108,108,-21.6462
SER 109,109,-1.0750
THR 110,110,-15.6648
LEU 111,111,-11.1595
GLN 112,112,-56.0225
GLU 113,113,-55.9992
GLN 114,114,-56.5619
ILE 115,115,7.8648
GLY 116,116,-3.3378
TRP 117,117,13.8452
MET 118,118,3.6907
THR 119,119,-17.3351
HID 120,120,13.4480
ASN 121,121,-53.8406
PRO 122,122,28.3543
PRO 123,123,16.7609
ILE 124,124,25.5395
PRO 125,125,17.5374
VAL 126,126,-11.7210
GLY 127,127,-6.1899
GLU 128,128,-56.9447
ILE 129,129,7.4522
TYR 130,130,-10.2889
LYS 131,131,-6.8367
ARG 132,132,-165.1526
TRP 133,133,12.2445
ILE 134,134,5.5659
ILE 135,135,8.7805
LEU 136,136,-13.4439
GLY 137,137,-4.0427
LEU 138,138,-14.4786
ASN 139,139,-67.7636
LYS 140,140,-4.3395
ILE 141,141,4.8084
VAL 142,142,-3.8922
ARG 143,143,-166.6527
MET 144,144,3.9939
TYR 145,145,-6.3870
SER 146,146,14.1956
PRO 147,147,17.8526
THR 148,148,-15.0519
SER 149,149,1.1758
ILE 150,150,13.0552
LEU 151,151,-11.5990
ASP 152,152,-64.1737
ILE 153,153,16.6769
ARG 154,154,-168.0387
GLN 155,155,-66.5399
GLY 156,156,7.9063
PRO 157,157,24.5067
LYS 158,158,-3.3623
GLU 159,159,-47.7582
PRO 160,160,14.5777
PHE 161,161,14.5880
ARG 162,162,-167.7515
ASP 163,163,-69.9264
TYR 164,164,-13.6913
VAL 165,165,-13.1822
ASP 166,166,-59.4882
ARG 167,167,-179.9414
PHE 168,168,0.6249
TYR 169,169,-4.2087
LYS 170,170,-5.8935
THR 171,171,-20.9482
LEU 172,172,-6.1188
ARG 173,173,-177.3053
ALA 174,174,0.4297
GLU 175,175,-57.3096
GLN 176,176,-55.1233
ALA 177,177,5.0734
SER 178,178,-0.7834
GLN 179,179,-55.7736
GLU 180,180,-58.2989
VAL 181,181,-2.8529
LYS 182,182,-5.7876
ASN 183,183,-74.6298
TRP 184,184,18.4703
MET 185,185,3.8572
THR 186,186,-22.0788
GLU 187,187,-55.3715
THR 188,188,-13.4561
LEU 189,189,-9.1651
LEU 190,190,-13.7420
VAL 191,191,-9.4010
GLN 192,192,-55.4000
ASN 193,193,-74.1487
ALA 194,194,3.5230
ASN 195,195,-60.8563
PRO 196,196,14.3329
ASP 197,197,-66.3116
CYX 198,198,11.5725
LYS 199,199,-5.7402
THR 200,200,-19.7445
ILE 201,201,15.0917
LEU 202,202,-8.3612
LYS 203,203,-4.7136
ALA 204,204,4.4079
LEU 205,205,-10.9234
GLY 206,206,8.6283
PRO 207,207,17.4925
GLY 208,208,-3.4084
ALA 209,209,6.3312
THR 210,210,-13.7417
LEU 211,211,-12.9141
GLU 212,212,-63.0139
GLU 213,213,-61.1934
MET 214,214,6.7196
MET 215,215,5.6121
THR 216,216,-17.5553
ALA 217,217,5.9611
CYX 218,218,7.2306
GLN 219,219,-50.4984
GLY 220,220,5.7990
VAL 221,221,-98.9986
PRO   1,1,-3.9473
ILE   2,2,15.1364
VAL   3,3,-9.4554
GLN   4,4,-53.8824
ASN   5,5,-66.6180
LEU   6,6,-5.5901
GLN   7,7,-54.3129
GLY   8,8,-3.3764
GLN   9,9,-54.0290
MET  10,10,8.0349
VAL  11,11,-9.9695
HID  12,12,17.3085
GLN  13,13,-55.1304
ALA  14,14,8.7825
ILE  15,15,11.5113
SER  16,16,8.1143
PRO  17,17,22.7527
ARG  18,18,-161.3841
THR  19,19,-21.1409
LEU  20,20,-11.3658
ASN  21,21,-71.0803
ALA  22,22,6.0950
TRP  23,23,16.1719
VAL  24,24,-3.3210
LYS  25,25,-2.7751
VAL  26,26,-13.2755
VAL  27,27,-12.5715
GLU  28,28,-62.3372
GLU  29,29,-54.6974
LYS  30,30,-2.9740
ALA  31,31,4.1390
PHE  32,32,14.9859
SER  33,33,12.5773
PRO  34,34,13.5687
GLU  35,35,-58.6805
VAL  36,36,-10.8504
ILE  37,37,20.7118
PRO  38,38,15.2696
MET  39,39,7.8385
PHE  40,40,5.0407
SER  41,41,-1.4273
ALA  42,42,8.1822
LEU  43,43,-10.8333
SER  44,44,-6.6330
GLU  45,45,-58.2113
GLY  46,46,-3.9232
ALA  47,47,4.5349
THR  48,48,-9.6080
PRO  49,49,10.1033
GLN  50,50,-57.2831
ASP  51,51,-56.8284
LEU  52,52,-16.6909
ASN  53,53,-75.4906
THR  54,54,-18.0708
MET  55,55,3.8266
LEU  56,56,-12.0696
ASN  57,57,-69.9783
THR  58,58,-14.9001
VAL  59,59,-9.4922
ALA  60,60,18.9263
PRO  61,61,15.3686
HID  62,62,14.8448
GLN  63,63,-51.0235
ALA  64,64,6.7459
ALA  65,65,4.7530
ALA  66,66,3.9227
GLN  67,67,-53.8848
MET  68,68,5.9782
LEU  69,69,-6.9235
LYS  70,70,-7.8277
GLU  71,71,-66.2990
THR  72,72,-19.3531
ILE  73,73,8.7868
ASN  74,74,-72.0340
GLU  75,75,-62.1757
GLU  76,76,-60.0517
ALA  77,77,3.9457
ALA  78,78,4.5723
GLU  79,79,-57.5103
TRP  80,80,12.3305
ASP  81,81,-49.9576
ARG  82,82,-169.0196
LEU  83,83,-15.1547
HID  84,84,25.9057
PRO  85,85,19.9143
VAL  86,86,-7.0781
HID  87,87,15.3670
ALA  88,88,8.4640
GLY  89,89,8.9021
PRO  90,90,19.0179
ILE  91,91,9.8827
ALA  92,92,18.4429
PRO  93,93,19.2544
GLY  94,94,-2.5087
GLN  95,95,-53.3726
MET  96,96,14.5308
ARG  97,97,-185.6097
GLU  98,98,-54.1059
PRO  99,99,18.0471
ARG 100,100,-174.0586
GLY 101,101,-8.9823
SER 102,102,-5.1903
ASP 103,103,-57.0708
ILE 104,104,7.0404
ALA 105,105,2.1489
GLY 106,106,-4.0385
THR 107,107,-15.4191
THR 108,108,-21.6459
SER 109,109,-1.0743
THR 110,110,-15.6653
LEU 111,111,-11.1593
GLN 112,112,-56.0224
GLU 113,113,-56.0403
GLN 114,114,-56.5619
ILE 115,115,7.8649
GLY 116,116,-3.3378
TRP 117,117,13.8457
MET 118,118,3.6906
THR 119,119,-17.3348
HID 120,120,13.4482
ASN 121,121,-53.8408
PRO 122,122,28.3538
PRO 123,123,16.7609
ILE 124,124,25.5395
PRO 125,125,17.5378
VAL 126,126,-11.7205
GLY 127,127,-6.1902
GLU 128,128,-56.9776
ILE 129,129,7.4525
TYR 130,130,-10.2890
LYS 131,131,-6.8011
ARG 132,132,-165.1128
TRP 133,133,12.2444
ILE 134,134,5.5674
ILE 135,135,8.7796
LEU 136,136,-13.4449
GLY 137,137,-4.0421
LEU 138,138,-14.4756
ASN 139,139,-67.7659
LYS 140,140,-4.2857
ILE 141,141,4.8158
VAL 142,142,-3.8940
ARG 143,143,-166.5687
MET 144,144,4.0205
TYR 145,145,-6.3578
SER 146,146,13.9486
PRO 147,147,17.9531
THR 148,148,-14.5591
SER 149,149,3.2080
ILE 150,150,23.9907
LEU   1,1,-5.7910
ASP   2,2,-65.5032
ILE   3,3,19.0479
ARG   4,4,-167.6332
GLN   5,5,-66.5249
GLY   6,6,7.9008
PRO   7,7,24.5127
LYS   8,8,-3.2963
GLU   9,9,-47.8863
PRO  10,10,14.5679
PHE  11,11,14.5701
ARG  12,12,-167.6874
ASP  13,13,-69.9713
TYR  14,14,-13.6994
VAL  15,15,-13.1814
ASP  16,16,-59.5952
ARG  17,17,-179.4777
PHE  18,18,1.7714
TYR  19,19,-4.0785
LYS  20,20,-3.2009
THR  21,21,-19.8291
LEU  22,22,-5.0588
ARG  23,23,-166.0084
ALA  24,24,0.1516
GLU  25,25,-59.7229
GLN  26,26,-52.5695
ALA  27,27,5.1189
SER  28,28,-0.7453
GLN  29,29,-55.7616
GLU  30,30,-58.3800
VAL  31,31,-2.7426
LYS  32,32,-5.5215
ASN  33,33,-74.6220
TRP  34,34,18.4871
MET  35,35,4.4234
THR  36,36,-22.0778
GLU  37,37,-55.4240
THR  38,38,-13.4215
LEU  39,39,-8.4675
LEU  40,40,-13.7295
VAL  41,41,-9.4129
GLN  42,42,-55.3164
ASN  43,43,-72.8350
ALA  44,44,3.5333
ASN  45,45,-60.8590
PRO  46,46,14.3332
ASP  47,47,-66.3762
CYX  48,48,11.5745
LYS  49,49,-5.6358
THR  50,50,-19.7429
ILE  51,51,15.0956
LEU  52,52,-8.3510
LYS  53,53,-4.6488
ALA  54,54,4.4104
LEU  55,55,-10.9196
GLY  56,56,8.6278
PRO  57,57,17.4941
GLY  58,58,-3.4060
ALA  59,59,6.3314
THR  60,60,-13.7445
LEU  61,61,-12.9112
GLU  62,62,-63.0563
GLU  63,63,-61.2302
MET  64,64,6.7185
MET  65,65,5.6170
THR  66,66,-17.5528
ALA  67,67,5.9639
CYX  68,68,7.2344
GLN  69,69,-50.4981
GLY  70,70,5.7981
VAL  71,71,-99.0504
PRO   1,1,-0.0352
ILE   2,2,-0.0004
VAL   3,3,-0.0001
GLN   4,4,-0.0002
ASN   5,5,0.0003
LEU   6,6,-0.0000
GLN   7,7,0.0002
GLY   8,8,0.0001
GLN   9,9,-0.0002
MET  10,10,-0.0000
VAL  11,11,-0.0001
HID  12,12,0.0005
GLN  13,13,-0.0008
ALA  14,14,-0.0000
ILE  15,15,-0.0010
SER  16,16,-0.0033
PRO  17,17,-0.0057
ARG  18,18,-0.0376
THR  19,19,-0.0017
LEU  20,20,-0.0051
ASN  21,21,-0.0153
ALA  22,22,-0.0024
TRP  23,23,-0.0008
VAL  24,24,0.0087
LYS  25,25,0.0879
VAL  26,26,0.0028
VAL  27,27,-0.0619
GLU  28,28,4.9300
GLU  29,29,7.5297
LYS  30,30,-0.2935
ALA  31,31,-0.5562
PHE  32,32,-0.0871
SER  33,33,-0.0574
PRO  34,34,-0.0168
GLU  35,35,0.0774
VAL  36,36,-0.0209
ILE  37,37,-0.0060
PRO  38,38,-0.0050
MET  39,39,-0.0106
PHE  40,40,-0.0059
SER  41,41,-0.0028
ALA  42,42,-0.0020
LEU  43,43,-0.0041
SER  44,44,-0.0026
GLU  45,45,0.0381
GLY  46,46,0.0001
ALA  47,47,-0.0008
THR  48,48,-0.0004
PRO  49,49,-0.0005
GLN  50,50,-0.0012
ASP  51,51,0.0325
LEU  52,52,0.0008
ASN  53,53,-0.0029
THR  54,54,-0.0058
MET  55,55,-0.0094
LEU  56,56,-0.0093
ASN  57,57,-0.0089
THR  58,58,-0.0272
VAL  59,59,-0.0485
ALA  60,60,-0.0163
PRO  61,61,-0.3465
HID  62,62,0.0149
GLN  63,63,-0.0173
ALA  64,64,-0.0093
ALA  65,65,0.0009
ALA  66,66,0.0015
GLN  67,67,-0.0084
MET  68,68,-0.0059
LEU  69,69,-0.0031
LYS  70,70,-0.0255
GLU  71,71,0.0285
THR  72,72,-0.0010
ILE  73,73,-0.0011
ASN  74,74,-0.0013
GLU  75,75,0.0375
GLU  76,76,0.0342
ALA  77,77,0.0005
ALA  78,78,0.0004
GLU  79,79,0.0425
TRP  80,80,0.0008
ASP  81,81,0.0364
ARG  82,82,-0.0411
LEU  83,83,0.0003
HID  84,84,0.0001
PRO  85,85,0.0004
VAL  86,86,-0.0001
HID  87,87,0.0000
ALA  88,88,-0.0002
GLY  89,89,0.0004
PRO  90,90,0.0003
ILE  91,91,-0.0004
ALA  92,92,0.0004
PRO  93,93,-0.0001
GLY  94,94,0.0002
GLN  95,95,-0.0008
MET  96,96,-0.0000
ARG  97,97,-0.0414
GLU  98,98,0.0444
PRO  99,99,0.0000
ARG 100,100,-0.0373
GLY 101,101,0.0002
SER 102,102,0.0001
ASP 103,103,0.0359
ILE 104,104,0.0002
ALA 105,105,-0.0006
GLY 106,106,-0.0003
THR 107,107,-0.0001
THR 108,108,-0.0003
SER 109,109,-0.0007
THR 110,110,0.0005
LEU 111,111,-0.0002
GLN 112,112,-0.0001
GLU 113,113,0.0411
GLN 114,114,-0.0000
ILE 115,115,-0.0001
GLY 116,116,0.0000
TRP 117,117,-0.0005
MET 118,118,0.0001
THR 119,119,-0.0002
HID 120,120,-0.0002
ASN 121,121,0.0001
PRO 122,122,0.0005
PRO 123,123,0.0001
ILE 124,124,-0.0000
PRO 125,125,-0.0004
VAL 126,126,-0.0005
GLY 127,127,0.0003
GLU 128,128,0.0329
ILE 129,129,-0.0002
TYR 130,130,0.0001
LYS 131,131,-0.0356
ARG 132,132,-0.0399
TRP 133,133,0.0001
ILE 134,134,-0.0015
ILE 135,135,0.0008
LEU 136,136,0.0010
GLY 137,137,-0.0006
LEU 138,138,-0.0030
ASN 139,139,0.0023
LYS 140,140,-0.0538
ILE 141,141,-0.0074
VAL 142,142,0.0018
ARG 143,143,-0.0840
MET 144,144,-0.0266
TYR 145,145,-0.0292
SER 146,146,0.2470
PRO 147,147,-0.1005
THR 148,148,-0.4928
SER 149,149,-2.0322
ILE 150,150,-10.9355
LEU 151,151,-5.8081
ASP 152,152,1.3295
ILE 153,153,-2.3710
ARG 154,154,-0.4055
GLN 155,155,-0.0150
GLY 156,156,0.0056
PRO 157,157,-0.0060
LYS 158,158,-0.0661
GLU 159,159,0.1281
PRO 160,160,0.0098
PHE 161,161,0.0179
ARG 162,162,-0.0640
ASP 163,163,0.0449
TYR 164,164,0.0082
VAL 165,165,-0.0008
ASP 166,166,0.1069
ARG 167,167,-0.4637
PHE 168,168,-1.1465
TYR 169,169,-0.1302
LYS 170,170,-2.6925
THR 171,171,-1.1192
LEU 172,172,-1.0600
ARG 173,173,-11.2969
ALA 174,174,0.2781
GLU 175,175,2.4133
GLN 176,176,-2.5539
ALA 177,177,-0.0456
SER 178,178,-0.0381
GLN 179,179,-0.0120
GLU 180,180,0.0811
VAL 181,181,-0.1103
LYS 182,182,-0.2661
ASN 183,183,-0.0078
TRP 184,184,-0.0168
MET 185,185,-0.5662
THR 186,186,-0.0010
GLU 187,187,0.0525
THR 188,188,-0.0346
LEU 189,189,-0.6976
LEU 190,190,-0.0125
VAL 191,191,0.0120
GLN 192,192,-0.0836
ASN 193,193,-1.3137
ALA 194,194,-0.0103
ASN 195,195,0.0027
PRO 196,196,-0.0004
ASP 197,197,0.0646
CYX 198,198,-0.0020
LYS 199,199,-0.1044
THR 200,200,-0.0016
ILE 201,201,-0.0038
LEU 202,202,-0.0102
LYS 203,203,-0.0648
ALA 204,204,-0.0025
LEU 205,205,-0.0038
GLY 206,206,0.0005
PRO 207,207,-0.0016
GLY 208,208,-0.0024
ALA 209,209,-0.0001
THR 210,210,0.0029
LEU 211,211,-0.0030
GLU 212,212,0.0424
GLU 213,213,0.0369
MET 214,214,0.0011
MET 215,215,-0.0049
THR 216,216,-0.0024
ALA 217,217,-0.0028
CYX 218,218,-0.0038
GLN 219,219,-0.0002
GLY 220,220,0.0009
VAL 221,221,0.0518
