Residue Name,Residue Number,Binding Free Energy (kcal/mol)
PRO   1,1,-1.9232
ILE   2,2,13.1076
VAL   3,3,-9.2988
GLN   4,4,-54.4611
ASN   5,5,-65.9146
LEU   6,6,-5.3028
GLN   7,7,-53.4630
GLY   8,8,-3.2751
GLN   9,9,-53.8682
MET  10,10,9.5064
VAL  11,11,-10.3898
HID  12,12,14.0649
GLN  13,13,-56.1999
ALA  14,14,7.6449
ILE  15,15,9.8369
SER  16,16,7.7774
PRO  17,17,22.9800
ARG  18,18,-162.3629
THR  19,19,-21.3675
LEU  20,20,-12.6033
ASN  21,21,-71.4048
ALA  22,22,6.0504
TRP  23,23,17.8358
VAL  24,24,-2.3857
LYS  25,25,-3.7963
VAL  26,26,-12.9260
VAL  27,27,-13.3042
GLU  28,28,-62.4074
GLU  29,29,-54.1806
LYS  30,30,-5.5255
ALA  31,31,3.4631
PHE  32,32,12.9722
SER  33,33,10.2318
PRO  34,34,14.2233
GLU  35,35,-60.1191
VAL  36,36,-10.6806
ILE  37,37,19.8827
PRO  38,38,16.3991
MET  39,39,7.8274
PHE  40,40,4.4627
SER  41,41,-0.0429
ALA  42,42,9.2566
LEU  43,43,-10.3569
SER  44,44,-8.8133
GLU  45,45,-58.5028
GLY  46,46,-3.4084
ALA  47,47,5.1962
THR  48,48,-9.4260
PRO  49,49,10.6520
GLN  50,50,-59.7266
ASP  51,51,-61.2120
LEU  52,52,-17.3502
ASN  53,53,-76.0783
THR  54,54,-21.0646
MET  55,55,3.6521
LEU  56,56,-13.5721
ASN  57,57,-71.5774
THR  58,58,-15.4140
VAL  59,59,-10.0984
ALA  60,60,19.3288
PRO  61,61,15.9310
HID  62,62,16.9958
GLN  63,63,-51.3736
ALA  64,64,7.1079
ALA  65,65,5.3460
ALA  66,66,4.2696
GLN  67,67,-53.6935
MET  68,68,4.7655
LEU  69,69,-6.5306
LYS  70,70,-5.2216
GLU  71,71,-66.7121
THR  72,72,-17.5285
ILE  73,73,8.3297
ASN  74,74,-73.9940
GLU  75,75,-62.7345
GLU  76,76,-60.2519
ALA  77,77,3.6648
ALA  78,78,3.9959
GLU  79,79,-56.3256
TRP  80,80,14.2431
ASP  81,81,-53.2075
ARG  82,82,-171.7914
LEU  83,83,-14.0106
HID  84,84,23.7300
PRO  85,85,16.9867
VAL  86,86,-6.5648
HID  87,87,14.9552
ALA  88,88,8.1391
GLY  89,89,9.6443
PRO  90,90,19.1606
ILE  91,91,12.8350
ALA  92,92,19.2259
PRO  93,93,17.3480
GLY  94,94,-1.7053
GLN  95,95,-50.8606
MET  96,96,18.8637
ARG  97,97,-185.7013
GLU  98,98,-52.7986
PRO  99,99,18.2146
ARG 100,100,-173.3509
GLY 101,101,-9.2629
SER 102,102,-3.3479
ASP 103,103,-55.0973
ILE 104,104,8.3493
ALA 105,105,2.0604
GLY 106,106,-4.4697
THR 107,107,-16.3192
THR 108,108,-18.9354
SER 109,109,-2.4309
THR 110,110,-13.4441
LEU 111,111,-8.8065
GLN 112,112,-54.4857
GLU 113,113,-50.4971
GLN 114,114,-56.3867
ILE 115,115,7.8384
GLY 116,116,-3.5414
TRP 117,117,14.7583
MET 118,118,3.4050
THR 119,119,-19.6510
HID 120,120,16.8048
ASN 121,121,-54.7576
PRO 122,122,26.8432
PRO 123,123,14.8564
ILE 124,124,22.5596
PRO 125,125,18.1770
VAL 126,126,-10.4448
GLY 127,127,-6.3726
GLU 128,128,-58.1699
ILE 129,129,7.4504
TYR 130,130,-9.6231
LYS 131,131,-3.6856
ARG 132,132,-167.1849
TRP 133,133,11.7787
ILE 134,134,5.9278
ILE 135,135,9.1909
LEU 136,136,-12.6014
GLY 137,137,-3.8255
LEU 138,138,-14.0425
ASN 139,139,-67.3197
LYS 140,140,-1.5225
ILE 141,141,6.0874
VAL 142,142,-4.6626
ARG 143,143,-164.7859
MET 144,144,4.0442
TYR 145,145,-6.6903
SER 146,146,10.8178
PRO 147,147,16.2905
THR 148,148,-17.2336
SER 149,149,0.9380
ILE 150,150,12.7217
LEU 151,151,-11.5563
ASP 152,152,-64.6522
ILE 153,153,16.1071
ARG 154,154,-169.7189
GLN 155,155,-65.8510
GLY 156,156,6.5106
PRO 157,157,24.4330
LYS 158,158,-12.9270
GLU 159,159,-47.0907
PRO 160,160,14.6163
PHE 161,161,15.3067
ARG 162,162,-170.5573
ASP 163,163,-69.7668
TYR 164,164,-13.6231
VAL 165,165,-12.9376
ASP 166,166,-57.4629
ARG 167,167,-180.2494
PHE 168,168,0.6410
TYR 169,169,-4.0510
LYS 170,170,-8.2413
THR 171,171,-21.2367
LEU 172,172,-5.8146
ARG 173,173,-164.7947
ALA 174,174,-0.3234
GLU 175,175,-59.8291
GLN 176,176,-52.9457
ALA 177,177,5.7352
SER 178,178,-0.7554
GLN 179,179,-54.5024
GLU 180,180,-58.2611
VAL 181,181,-2.9762
LYS 182,182,-6.5376
ASN 183,183,-74.8783
TRP 184,184,19.0512
MET 185,185,3.8663
THR 186,186,-22.5824
GLU 187,187,-61.7084
THR 188,188,-14.4560
LEU 189,189,-9.2274
LEU 190,190,-15.9404
VAL 191,191,-10.8396
GLN 192,192,-55.0505
ASN 193,193,-75.7710
ALA 194,194,2.7757
ASN 195,195,-59.8970
PRO 196,196,12.4342
ASP 197,197,-63.2806
CYX 198,198,9.9467
LYS 199,199,-8.1432
THR 200,200,-21.1844
ILE 201,201,11.8276
LEU 202,202,-7.6478
LYS 203,203,-3.8956
ALA 204,204,4.9029
LEU 205,205,-11.3483
GLY 206,206,7.7214
PRO 207,207,18.0403
GLY 208,208,-2.5085
ALA 209,209,5.7697
THR 210,210,-14.3035
LEU 211,211,-12.3792
GLU 212,212,-63.2834
GLU 213,213,-58.3840
MET 214,214,6.2672
MET 215,215,5.4442
THR 216,216,-19.0138
ALA 217,217,5.5315
CYX 218,218,5.6221
GLN 219,219,-51.7545
GLY 220,220,4.4009
VAL 221,221,-94.7349
PRO   1,1,-1.8679
ILE   2,2,13.1079
VAL   3,3,-9.2988
GLN   4,4,-54.4609
ASN   5,5,-65.9139
LEU   6,6,-5.3025
GLN   7,7,-53.4626
GLY   8,8,-3.2749
GLN   9,9,-53.8679
MET  10,10,9.5063
VAL  11,11,-10.3896
HID  12,12,14.0657
GLN  13,13,-56.1997
ALA  14,14,7.6443
ILE  15,15,9.8378
SER  16,16,7.7793
PRO  17,17,22.9834
ARG  18,18,-162.3149
THR  19,19,-21.3662
LEU  20,20,-12.6005
ASN  21,21,-71.3948
ALA  22,22,6.0528
TRP  23,23,17.8383
VAL  24,24,-2.3763
LYS  25,25,-3.7878
VAL  26,26,-12.9325
VAL  27,27,-13.2902
GLU  28,28,-63.0772
GLU  29,29,-55.7543
LYS  30,30,-5.2304
ALA  31,31,3.5336
PHE  32,32,13.0008
SER  33,33,10.2830
PRO  34,34,14.2435
GLU  35,35,-60.2340
VAL  36,36,-10.6643
ILE  37,37,19.8893
PRO  38,38,16.4066
MET  39,39,7.8394
PHE  40,40,4.4678
SER  41,41,-0.0391
ALA  42,42,9.2595
LEU  43,43,-10.3520
SER  44,44,-8.8113
GLU  45,45,-58.5533
GLY  46,46,-3.4094
ALA  47,47,5.1967
THR  48,48,-9.4251
PRO  49,49,10.6535
GLN  50,50,-59.7248
ASP  51,51,-61.2626
LEU  52,52,-17.3502
ASN  53,53,-76.0761
THR  54,54,-21.0609
MET  55,55,3.6549
LEU  56,56,-13.5708
ASN  57,57,-71.5754
THR  58,58,-15.4025
VAL  59,59,-10.0949
ALA  60,60,19.3299
PRO  61,61,15.9333
HID  62,62,16.9983
GLN  63,63,-51.3694
ALA  64,64,7.1102
ALA  65,65,5.3493
ALA  66,66,4.2705
GLN  67,67,-53.6906
MET  68,68,4.7686
LEU  69,69,-6.5263
LYS  70,70,-5.1698
GLU  71,71,-66.7710
THR  72,72,-17.5270
ILE  73,73,8.3302
ASN  74,74,-73.9936
GLU  75,75,-62.7978
GLU  76,76,-60.3096
ALA  77,77,3.6652
ALA  78,78,3.9965
GLU  79,79,-56.3849
TRP  80,80,14.2431
ASP  81,81,-53.2570
ARG  82,82,-171.7335
LEU  83,83,-14.0101
HID  84,84,23.7293
PRO  85,85,16.9871
VAL  86,86,-6.5651
HID  87,87,14.9555
ALA  88,88,8.1385
GLY  89,89,9.6445
PRO  90,90,19.1602
ILE  91,91,12.8352
ALA  92,92,19.2254
PRO  93,93,17.3484
GLY  94,94,-1.7055
GLN  95,95,-50.8607
MET  96,96,18.8645
ARG  97,97,-185.6462
GLU  98,98,-52.8527
PRO  99,99,18.2153
ARG 100,100,-173.3040
GLY 101,101,-9.2631
SER 102,102,-3.3487
ASP 103,103,-55.1480
ILE 104,104,8.3490
ALA 105,105,2.0611
GLY 106,106,-4.4698
THR 107,107,-16.3193
THR 108,108,-18.9350
SER 109,109,-2.4306
THR 110,110,-13.4439
LEU 111,111,-8.8068
GLN 112,112,-54.4868
GLU 113,113,-50.5578
GLN 114,114,-56.3868
ILE 115,115,7.8387
GLY 116,116,-3.5407
TRP 117,117,14.7586
MET 118,118,3.4057
THR 119,119,-19.6505
HID 120,120,16.8049
ASN 121,121,-54.7575
PRO 122,122,26.8428
PRO 123,123,14.8571
ILE 124,124,22.5593
PRO 125,125,18.1777
VAL 126,126,-10.4441
GLY 127,127,-6.3725
GLU 128,128,-58.2159
ILE 129,129,7.4508
TYR 130,130,-9.6234
LYS 131,131,-3.6403
ARG 132,132,-167.1315
TRP 133,133,11.7772
ILE 134,134,5.9259
ILE 135,135,9.1876
LEU 136,136,-12.6031
GLY 137,137,-3.8272
LEU 138,138,-14.0450
ASN 139,139,-67.3253
LYS 140,140,-1.4480
ILE 141,141,6.0892
VAL 142,142,-4.6663
ARG 143,143,-164.6806
MET 144,144,4.0519
TYR 145,145,-6.6691
SER 146,146,10.8940
PRO 147,147,16.5676
THR 148,148,-16.3798
SER 149,149,3.1845
ILE 150,150,23.1427
LEU   1,1,-5.4492
ASP   2,2,-64.6079
ILE   3,3,18.5980
ARG   4,4,-169.3776
GLN   5,5,-65.8361
GLY   6,6,6.5046
PRO   7,7,24.4386
LYS   8,8,-12.8940
GLU   9,9,-47.2137
PRO  10,10,14.6033
PHE  11,11,15.2850
ARG  12,12,-170.5469
ASP  13,13,-69.7905
TYR  14,14,-13.6973
VAL  15,15,-12.9444
ASP  16,16,-57.5225
ARG  17,17,-179.7746
PHE  18,18,1.8415
TYR  19,19,-3.9327
LYS  20,20,-7.9774
THR  21,21,-20.0994
LEU  22,22,-4.8271
ARG  23,23,-163.8410
ALA  24,24,-0.0015
GLU  25,25,-61.9220
GLN  26,26,-52.3557
ALA  27,27,5.7837
SER  28,28,-0.7296
GLN  29,29,-54.4944
GLU  30,30,-58.3138
VAL  31,31,-2.9184
LYS  32,32,-6.4343
ASN  33,33,-74.8728
TRP  34,34,19.0822
MET  35,35,4.2978
THR  36,36,-22.5750
GLU  37,37,-61.7188
THR  38,38,-14.4297
LEU  39,39,-8.5496
LEU  40,40,-15.9399
VAL  41,41,-10.8411
GLN  42,42,-54.9448
ASN  43,43,-74.3552
ALA  44,44,2.7920
ASN  45,45,-59.8991
PRO  46,46,12.4362
ASP  47,47,-63.2929
CYX  48,48,9.9516
LYS  49,49,-8.1065
THR  50,50,-21.1825
ILE  51,51,11.8306
LEU  52,52,-7.6451
LYS  53,53,-3.8865
ALA  54,54,4.9038
LEU  55,55,-11.3465
GLY  56,56,7.7213
PRO  57,57,18.0420
GLY  58,58,-2.5078
ALA  59,59,5.7704
THR  60,60,-14.3048
LEU  61,61,-12.3805
GLU  62,62,-63.2886
GLU  63,63,-58.3993
MET  64,64,6.2701
MET  65,65,5.4503
THR  66,66,-19.0113
ALA  67,67,5.5348
CYX  68,68,5.6221
GLN  69,69,-51.7513
GLY  70,70,4.4017
VAL  71,71,-94.7546
PRO   1,1,-0.0553
ILE   2,2,-0.0003
VAL   3,3,0.0000
GLN   4,4,-0.0002
ASN   5,5,-0.0006
LEU   6,6,-0.0003
GLN   7,7,-0.0004
GLY   8,8,-0.0002
GLN   9,9,-0.0002
MET  10,10,0.0001
VAL  11,11,-0.0002
HID  12,12,-0.0009
GLN  13,13,-0.0002
ALA  14,14,0.0006
ILE  15,15,-0.0009
SER  16,16,-0.0018
PRO  17,17,-0.0034
ARG  18,18,-0.0480
THR  19,19,-0.0012
LEU  20,20,-0.0027
ASN  21,21,-0.0100
ALA  22,22,-0.0025
TRP  23,23,-0.0026
VAL  24,24,-0.0094
LYS  25,25,-0.0085
VAL  26,26,0.0065
VAL  27,27,-0.0140
GLU  28,28,0.6698
GLU  29,29,1.5737
LYS  30,30,-0.2950
ALA  31,31,-0.0705
PHE  32,32,-0.0287
SER  33,33,-0.0513
PRO  34,34,-0.0202
GLU  35,35,0.1148
VAL  36,36,-0.0162
ILE  37,37,-0.0066
PRO  38,38,-0.0076
MET  39,39,-0.0120
PHE  40,40,-0.0051
SER  41,41,-0.0038
ALA  42,42,-0.0029
LEU  43,43,-0.0049
SER  44,44,-0.0020
GLU  45,45,0.0506
GLY  46,46,0.0010
ALA  47,47,-0.0005
THR  48,48,-0.0010
PRO  49,49,-0.0015
GLN  50,50,-0.0018
ASP  51,51,0.0506
LEU  52,52,0.0000
ASN  53,53,-0.0022
THR  54,54,-0.0037
MET  55,55,-0.0029
LEU  56,56,-0.0013
ASN  57,57,-0.0019
THR  58,58,-0.0115
VAL  59,59,-0.0035
ALA  60,60,-0.0011
PRO  61,61,-0.0023
HID  62,62,-0.0025
GLN  63,63,-0.0042
ALA  64,64,-0.0022
ALA  65,65,-0.0033
ALA  66,66,-0.0009
GLN  67,67,-0.0029
MET  68,68,-0.0031
LEU  69,69,-0.0043
LYS  70,70,-0.0518
GLU  71,71,0.0589
THR  72,72,-0.0015
ILE  73,73,-0.0005
ASN  74,74,-0.0004
GLU  75,75,0.0634
GLU  76,76,0.0577
ALA  77,77,-0.0004
ALA  78,78,-0.0006
GLU  79,79,0.0593
TRP  80,80,0.0000
ASP  81,81,0.0494
ARG  82,82,-0.0579
LEU  83,83,-0.0005
HID  84,84,0.0007
PRO  85,85,-0.0004
VAL  86,86,0.0003
HID  87,87,-0.0003
ALA  88,88,0.0006
GLY  89,89,-0.0002
PRO  90,90,0.0005
ILE  91,91,-0.0002
ALA  92,92,0.0005
PRO  93,93,-0.0005
GLY  94,94,0.0002
GLN  95,95,0.0001
MET  96,96,-0.0008
ARG  97,97,-0.0552
GLU  98,98,0.0541
PRO  99,99,-0.0007
ARG 100,100,-0.0469
GLY 101,101,0.0002
SER 102,102,0.0008
ASP 103,103,0.0507
ILE 104,104,0.0003
ALA 105,105,-0.0007
GLY 106,106,0.0001
THR 107,107,0.0001
THR 108,108,-0.0004
SER 109,109,-0.0004
THR 110,110,-0.0001
LEU 111,111,0.0004
GLN 112,112,0.0012
GLU 113,113,0.0607
GLN 114,114,0.0001
ILE 115,115,-0.0003
GLY 116,116,-0.0006
TRP 117,117,-0.0003
MET 118,118,-0.0007
THR 119,119,-0.0005
HID 120,120,-0.0001
ASN 121,121,-0.0001
PRO 122,122,0.0003
PRO 123,123,-0.0007
ILE 124,124,0.0003
PRO 125,125,-0.0006
VAL 126,126,-0.0008
GLY 127,127,-0.0002
GLU 128,128,0.0460
ILE 129,129,-0.0004
TYR 130,130,0.0003
LYS 131,131,-0.0453
ARG 132,132,-0.0533
TRP 133,133,0.0014
ILE 134,134,0.0019
ILE 135,135,0.0032
LEU 136,136,0.0017
GLY 137,137,0.0017
LEU 138,138,0.0025
ASN 139,139,0.0056
LYS 140,140,-0.0745
ILE 141,141,-0.0019
VAL 142,142,0.0037
ARG 143,143,-0.1053
MET 144,144,-0.0077
TYR 145,145,-0.0211
SER 146,146,-0.0762
PRO 147,147,-0.2771
THR 148,148,-0.8538
SER 149,149,-2.2466
ILE 150,150,-10.4210
LEU 151,151,-6.1072
ASP 152,152,-0.0443
ILE 153,153,-2.4909
ARG 154,154,-0.3412
GLN 155,155,-0.0149
GLY 156,156,0.0059
PRO 157,157,-0.0056
LYS 158,158,-0.0330
GLU 159,159,0.1229
PRO 160,160,0.0130
PHE 161,161,0.0216
ARG 162,162,-0.0104
ASP 163,163,0.0236
TYR 164,164,0.0742
VAL 165,165,0.0068
ASP 166,166,0.0596
ARG 167,167,-0.4747
PHE 168,168,-1.2006
TYR 169,169,-0.1183
LYS 170,170,-0.2640
THR 171,171,-1.1373
LEU 172,172,-0.9875
ARG 173,173,-0.9536
ALA 174,174,-0.3219
GLU 175,175,2.0929
GLN 176,176,-0.5900
ALA 177,177,-0.0485
SER 178,178,-0.0258
GLN 179,179,-0.0080
GLU 180,180,0.0528
VAL 181,181,-0.0578
LYS 182,182,-0.1033
ASN 183,183,-0.0055
TRP 184,184,-0.0310
MET 185,185,-0.4315
THR 186,186,-0.0074
GLU 187,187,0.0104
THR 188,188,-0.0263
LEU 189,189,-0.6778
LEU 190,190,-0.0005
VAL 191,191,0.0015
GLN 192,192,-0.1057
ASN 193,193,-1.4159
ALA 194,194,-0.0164
ASN 195,195,0.0021
PRO 196,196,-0.0020
ASP 197,197,0.0123
CYX 198,198,-0.0049
LYS 199,199,-0.0367
THR 200,200,-0.0019
ILE 201,201,-0.0030
LEU 202,202,-0.0027
LYS 203,203,-0.0091
ALA 204,204,-0.0008
LEU 205,205,-0.0018
GLY 206,206,0.0002
PRO 207,207,-0.0016
GLY 208,208,-0.0006
ALA 209,209,-0.0007
THR 210,210,0.0013
LEU 211,211,0.0013
GLU 212,212,0.0052
GLU 213,213,0.0153
MET 214,214,-0.0029
MET 215,215,-0.0061
THR 216,216,-0.0025
ALA 217,217,-0.0033
CYX 218,218,-0.0001
GLN 219,219,-0.0031
GLY 220,220,-0.0007
VAL 221,221,0.0197
