Residue Name,Residue Number,Binding Free Energy (kcal/mol)
PRO   1,1,-3.9743
ILE   2,2,11.8691
VAL   3,3,-9.1667
GLN   4,4,-54.8020
ASN   5,5,-66.9098
LEU   6,6,-6.8979
GLN   7,7,-52.8193
GLY   8,8,-3.0286
GLN   9,9,-54.2786
MET  10,10,8.4331
VAL  11,11,-9.7815
HID  12,12,16.9128
GLN  13,13,-53.8124
ALA  14,14,8.5674
ILE  15,15,12.8002
SER  16,16,7.7911
PRO  17,17,22.8631
ARG  18,18,-161.7388
THR  19,19,-21.1563
LEU  20,20,-11.8344
ASN  21,21,-71.9400
ALA  22,22,5.9417
TRP  23,23,18.6329
VAL  24,24,-3.0455
LYS  25,25,-4.3403
VAL  26,26,-13.1282
VAL  27,27,-12.6795
GLU  28,28,-57.5567
GLU  29,29,-53.9031
LYS  30,30,-5.8318
ALA  31,31,4.0605
PHE  32,32,13.7696
SER  33,33,10.1020
PRO  34,34,13.8057
GLU  35,35,-58.4516
VAL  36,36,-10.0354
ILE  37,37,19.9050
PRO  38,38,15.8707
MET  39,39,7.2591
PHE  40,40,5.0708
SER  41,41,0.3747
ALA  42,42,9.0619
LEU  43,43,-11.1424
SER  44,44,-7.5208
GLU  45,45,-58.2452
GLY  46,46,-1.7891
ALA  47,47,4.7472
THR  48,48,-7.3206
PRO  49,49,11.2482
GLN  50,50,-58.8418
ASP  51,51,-52.4766
LEU  52,52,-17.1619
ASN  53,53,-75.6132
THR  54,54,-19.7311
MET  55,55,4.7334
LEU  56,56,-12.0552
ASN  57,57,-71.1398
THR  58,58,-15.0762
VAL  59,59,-9.8703
ALA  60,60,19.3459
PRO  61,61,15.9634
HID  62,62,16.6137
GLN  63,63,-51.0245
ALA  64,64,7.0673
ALA  65,65,6.1159
ALA  66,66,3.6980
GLN  67,67,-53.1297
MET  68,68,4.8027
LEU  69,69,-8.8088
LYS  70,70,-8.6185
GLU  71,71,-67.6375
THR  72,72,-20.5683
ILE  73,73,10.1492
ASN  74,74,-72.9036
GLU  75,75,-61.8242
GLU  76,76,-60.1998
ALA  77,77,4.1099
ALA  78,78,4.2520
GLU  79,79,-58.0493
TRP  80,80,10.9658
ASP  81,81,-54.3313
ARG  82,82,-169.0001
LEU  83,83,-15.9487
HID  84,84,22.1115
PRO  85,85,19.2037
VAL  86,86,-7.4706
HID  87,87,16.8536
ALA  88,88,8.7624
GLY  89,89,10.1686
PRO  90,90,19.0295
ILE  91,91,11.0348
ALA  92,92,18.3283
PRO  93,93,18.0623
GLY  94,94,-2.0922
GLN  95,95,-52.5525
MET  96,96,14.4915
ARG  97,97,-186.2068
GLU  98,98,-50.7998
PRO  99,99,17.9070
ARG 100,100,-174.5350
GLY 101,101,-9.5642
SER 102,102,-5.4993
ASP 103,103,-56.0433
ILE 104,104,8.1058
ALA 105,105,2.0093
GLY 106,106,-4.8553
THR 107,107,-15.6108
THR 108,108,-22.3589
SER 109,109,-1.9870
THR 110,110,-15.5973
LEU 111,111,-10.8753
GLN 112,112,-56.5813
GLU 113,113,-54.4099
GLN 114,114,-55.9966
ILE 115,115,8.0545
GLY 116,116,-3.3920
TRP 117,117,13.1152
MET 118,118,6.5082
THR 119,119,-18.8286
HID 120,120,17.6237
ASN 121,121,-54.9483
PRO 122,122,29.7535
PRO 123,123,15.9800
ILE 124,124,23.7213
PRO 125,125,17.5402
VAL 126,126,-11.3842
GLY 127,127,-6.6169
GLU 128,128,-58.7146
ILE 129,129,8.1214
TYR 130,130,-10.0734
LYS 131,131,-3.7657
ARG 132,132,-164.9230
TRP 133,133,11.2715
ILE 134,134,6.2725
ILE 135,135,8.4241
LEU 136,136,-12.9598
GLY 137,137,-4.6575
LEU 138,138,-14.9997
ASN 139,139,-66.3471
LYS 140,140,-5.9587
ILE 141,141,6.2880
VAL 142,142,-3.7046
ARG 143,143,-165.6214
MET 144,144,5.6364
TYR 145,145,-7.2989
SER 146,146,11.7735
PRO 147,147,17.6148
THR 148,148,-16.1632
SER 149,149,-0.7372
ILE 150,150,12.4188
LEU 151,151,-10.6328
ASP 152,152,-63.2241
ILE 153,153,19.4333
ARG 154,154,-166.6441
GLN 155,155,-67.0183
GLY 156,156,9.0082
PRO 157,157,24.1537
LYS 158,158,-2.0241
GLU 159,159,-46.1999
PRO 160,160,14.7148
PHE 161,161,16.3475
ARG 162,162,-167.2023
ASP 163,163,-69.1241
TYR 164,164,-13.1221
VAL 165,165,-12.7622
ASP 166,166,-56.0859
ARG 167,167,-179.6617
PHE 168,168,1.6724
TYR 169,169,-2.3379
LYS 170,170,-10.5107
THR 171,171,-21.6787
LEU 172,172,-5.7077
ARG 173,173,-169.0320
ALA 174,174,-0.1107
GLU 175,175,-57.1087
GLN 176,176,-53.8779
ALA 177,177,6.7588
SER 178,178,-1.0603
GLN 179,179,-54.7476
GLU 180,180,-56.1708
VAL 181,181,-3.2732
LYS 182,182,-7.6165
ASN 183,183,-74.4700
TRP 184,184,18.0496
MET 185,185,4.1868
THR 186,186,-19.3432
GLU 187,187,-54.9787
THR 188,188,-15.1711
LEU 189,189,-9.2223
LEU 190,190,-15.9144
VAL 191,191,-10.5224
GLN 192,192,-55.8599
ASN 193,193,-73.5073
ALA 194,194,3.6403
ASN 195,195,-59.2991
PRO 196,196,13.2676
ASP 197,197,-67.2871
CYX 198,198,11.3012
LYS 199,199,-5.4838
THR 200,200,-19.9718
ILE 201,201,13.2721
LEU 202,202,-8.5669
LYS 203,203,-3.1818
ALA 204,204,4.9830
LEU 205,205,-10.6995
GLY 206,206,8.1719
PRO 207,207,16.8274
GLY 208,208,-3.4653
ALA 209,209,6.4600
THR 210,210,-13.2115
LEU 211,211,-11.2094
GLU 212,212,-65.1377
GLU 213,213,-59.9008
MET 214,214,5.7908
MET 215,215,5.9607
THR 216,216,-19.2684
ALA 217,217,5.6707
CYX 218,218,6.1772
GLN 219,219,-51.5323
GLY 220,220,6.2983
VAL 221,221,-99.3279
PRO   1,1,-3.9038
ILE   2,2,11.8690
VAL   3,3,-9.1667
GLN   4,4,-54.8019
ASN   5,5,-66.9093
LEU   6,6,-6.8975
GLN   7,7,-52.8195
GLY   8,8,-3.0285
GLN   9,9,-54.2788
MET  10,10,8.4334
VAL  11,11,-9.7817
HID  12,12,16.9129
GLN  13,13,-53.8124
ALA  14,14,8.5667
ILE  15,15,12.8023
SER  16,16,7.7936
PRO  17,17,22.8668
ARG  18,18,-161.6684
THR  19,19,-21.1546
LEU  20,20,-11.8293
ASN  21,21,-71.9320
ALA  22,22,5.9431
TRP  23,23,18.6399
VAL  24,24,-3.0476
LYS  25,25,-4.2714
VAL  26,26,-13.1133
VAL  27,27,-12.8817
GLU  28,28,-62.3719
GLU  29,29,-54.0110
LYS  30,30,-5.6133
ALA  31,31,4.5299
PHE  32,32,15.8184
SER  33,33,10.1795
PRO  34,34,13.8300
GLU  35,35,-58.5754
VAL  36,36,-10.0136
ILE  37,37,19.9178
PRO  38,38,15.8766
MET  39,39,7.2649
PHE  40,40,5.0762
SER  41,41,0.3778
ALA  42,42,9.0638
LEU  43,43,-11.1403
SER  44,44,-7.5196
GLU  45,45,-58.3102
GLY  46,46,-1.7898
ALA  47,47,4.7480
THR  48,48,-7.3181
PRO  49,49,11.2503
GLN  50,50,-58.8397
ASP  51,51,-52.5417
LEU  52,52,-17.1571
ASN  53,53,-75.6065
THR  54,54,-19.7256
MET  55,55,4.7416
LEU  56,56,-12.0422
ASN  57,57,-71.1258
THR  58,58,-15.0579
VAL  59,59,-9.8067
ALA  60,60,19.3822
PRO  61,61,16.0028
HID  62,62,16.5981
GLN  63,63,-50.8060
ALA  64,64,7.4055
ALA  65,65,6.1311
ALA  66,66,3.6964
GLN  67,67,-53.0817
MET  68,68,4.8660
LEU  69,69,-8.8034
LYS  70,70,-8.5893
GLU  71,71,-67.6971
THR  72,72,-20.5645
ILE  73,73,10.1517
ASN  74,74,-72.8983
GLU  75,75,-61.9062
GLU  76,76,-60.2670
ALA  77,77,4.1112
ALA  78,78,4.2537
GLU  79,79,-58.1162
TRP  80,80,10.9660
ASP  81,81,-54.3777
ARG  82,82,-168.9350
LEU  83,83,-15.9479
HID  84,84,22.1116
PRO  85,85,19.2033
VAL  86,86,-7.4705
HID  87,87,16.8536
ALA  88,88,8.7622
GLY  89,89,10.1680
PRO  90,90,19.0295
ILE  91,91,11.0361
ALA  92,92,18.3269
PRO  93,93,18.0622
GLY  94,94,-2.0929
GLN  95,95,-52.5516
MET  96,96,14.4925
ARG  97,97,-186.1497
GLU  98,98,-50.8518
PRO  99,99,17.9078
ARG 100,100,-174.4894
GLY 101,101,-9.5645
SER 102,102,-5.4991
ASP 103,103,-56.0930
ILE 104,104,8.1059
ALA 105,105,2.0109
GLY 106,106,-4.8547
THR 107,107,-15.6106
THR 108,108,-22.3586
SER 109,109,-1.9852
THR 110,110,-15.5980
LEU 111,111,-10.8755
GLN 112,112,-56.5824
GLU 113,113,-54.4722
GLN 114,114,-55.9979
ILE 115,115,8.0549
GLY 116,116,-3.3914
TRP 117,117,13.1161
MET 118,118,6.5087
THR 119,119,-18.8280
HID 120,120,17.6236
ASN 121,121,-54.9486
PRO 122,122,29.7523
PRO 123,123,15.9807
ILE 124,124,23.7210
PRO 125,125,17.5409
VAL 126,126,-11.3830
GLY 127,127,-6.6164
GLU 128,128,-58.7715
ILE 129,129,8.1212
TYR 130,130,-10.0718
LYS 131,131,-3.7075
ARG 132,132,-164.8605
TRP 133,133,11.2693
ILE 134,134,6.2728
ILE 135,135,8.4222
LEU 136,136,-12.9660
GLY 137,137,-4.6727
LEU 138,138,-14.9938
ASN 139,139,-66.3537
LYS 140,140,-5.8437
ILE 141,141,6.3304
VAL 142,142,-3.6914
ARG 143,143,-165.3915
MET 144,144,6.3632
TYR 145,145,-7.2396
SER 146,146,11.7213
PRO 147,147,17.6043
THR 148,148,-14.9559
SER 149,149,2.1881
ILE 150,150,24.3110
LEU   1,1,-4.4849
ASP   2,2,-65.1450
ILE   3,3,21.1772
ARG   4,4,-166.3759
GLN   5,5,-67.0235
GLY   6,6,9.0051
PRO   7,7,24.1568
LYS   8,8,-1.9602
GLU   9,9,-46.3000
PRO  10,10,14.7097
PHE  11,11,16.3397
ARG  12,12,-167.1498
ASP  13,13,-69.1392
TYR  14,14,-13.1599
VAL  15,15,-12.7445
ASP  16,16,-56.0617
ARG  17,17,-179.2657
PHE  18,18,2.5717
TYR  19,19,-2.1628
LYS  20,20,-10.2202
THR  21,21,-20.2827
LEU  22,22,-4.6108
ARG  23,23,-164.4943
ALA  24,24,0.1878
GLU  25,25,-61.9585
GLN  26,26,-52.3086
ALA  27,27,6.8654
SER  28,28,-1.0119
GLN  29,29,-54.6922
GLU  30,30,-56.3375
VAL  31,31,-3.2024
LYS  32,32,-7.2874
ASN  33,33,-74.4614
TRP  34,34,18.1013
MET  35,35,4.6193
THR  36,36,-19.3157
GLU  37,37,-55.0464
THR  38,38,-15.1571
LEU  39,39,-8.5540
LEU  40,40,-15.8861
VAL  41,41,-10.5163
GLN  42,42,-55.7892
ASN  43,43,-73.1582
ALA  44,44,3.6550
ASN  45,45,-59.3000
PRO  46,46,13.2688
ASP  47,47,-67.3481
CYX  48,48,11.3068
LYS  49,49,-5.3891
THR  50,50,-19.9709
ILE  51,51,13.2753
LEU  52,52,-8.5594
LYS  53,53,-3.1152
ALA  54,54,4.9843
LEU  55,55,-10.6969
GLY  56,56,8.1730
PRO  57,57,16.8321
GLY  58,58,-3.4616
ALA  59,59,6.4562
THR  60,60,-13.2088
LEU  61,61,-11.2019
GLU  62,62,-65.1672
GLU  63,63,-59.9261
MET  64,64,5.7914
MET  65,65,5.9625
THR  66,66,-19.2674
ALA  67,67,5.6735
CYX  68,68,6.1794
GLN  69,69,-51.5341
GLY  70,70,6.2987
VAL  71,71,-99.3778
PRO   1,1,-0.0706
ILE   2,2,0.0001
VAL   3,3,-0.0000
GLN   4,4,-0.0001
ASN   5,5,-0.0005
LEU   6,6,-0.0004
GLN   7,7,0.0001
GLY   8,8,-0.0001
GLN   9,9,0.0002
MET  10,10,-0.0003
VAL  11,11,0.0002
HID  12,12,-0.0000
GLN  13,13,0.0000
ALA  14,14,0.0007
ILE  15,15,-0.0021
SER  16,16,-0.0025
PRO  17,17,-0.0037
ARG  18,18,-0.0704
THR  19,19,-0.0017
LEU  20,20,-0.0051
ASN  21,21,-0.0080
ALA  22,22,-0.0014
TRP  23,23,-0.0069
VAL  24,24,0.0021
LYS  25,25,-0.0689
VAL  26,26,-0.0148
VAL  27,27,0.2022
GLU  28,28,4.8152
GLU  29,29,0.1079
LYS  30,30,-0.2185
ALA  31,31,-0.4694
PHE  32,32,-2.0487
SER  33,33,-0.0775
PRO  34,34,-0.0243
GLU  35,35,0.1238
VAL  36,36,-0.0218
ILE  37,37,-0.0128
PRO  38,38,-0.0059
MET  39,39,-0.0058
PHE  40,40,-0.0055
SER  41,41,-0.0032
ALA  42,42,-0.0019
LEU  43,43,-0.0021
SER  44,44,-0.0011
GLU  45,45,0.0650
GLY  46,46,0.0006
ALA  47,47,-0.0008
THR  48,48,-0.0024
PRO  49,49,-0.0021
GLN  50,50,-0.0021
ASP  51,51,0.0652
LEU  52,52,-0.0048
ASN  53,53,-0.0066
THR  54,54,-0.0055
MET  55,55,-0.0082
LEU  56,56,-0.0130
ASN  57,57,-0.0140
THR  58,58,-0.0183
VAL  59,59,-0.0636
ALA  60,60,-0.0363
PRO  61,61,-0.0393
HID  62,62,0.0156
GLN  63,63,-0.2185
ALA  64,64,-0.3381
ALA  65,65,-0.0153
ALA  66,66,0.0016
GLN  67,67,-0.0480
MET  68,68,-0.0633
LEU  69,69,-0.0054
LYS  70,70,-0.0292
GLU  71,71,0.0596
THR  72,72,-0.0039
ILE  73,73,-0.0025
ASN  74,74,-0.0053
GLU  75,75,0.0820
GLU  76,76,0.0671
ALA  77,77,-0.0013
ALA  78,78,-0.0017
GLU  79,79,0.0669
TRP  80,80,-0.0003
ASP  81,81,0.0464
ARG  82,82,-0.0651
LEU  83,83,-0.0008
HID  84,84,-0.0001
PRO  85,85,0.0004
VAL  86,86,-0.0001
HID  87,87,-0.0000
ALA  88,88,0.0002
GLY  89,89,0.0006
PRO  90,90,0.0000
ILE  91,91,-0.0012
ALA  92,92,0.0014
PRO  93,93,0.0001
GLY  94,94,0.0008
GLN  95,95,-0.0010
MET  96,96,-0.0010
ARG  97,97,-0.0571
GLU  98,98,0.0521
PRO  99,99,-0.0008
ARG 100,100,-0.0456
GLY 101,101,0.0004
SER 102,102,-0.0002
ASP 103,103,0.0497
ILE 104,104,-0.0001
ALA 105,105,-0.0016
GLY 106,106,-0.0006
THR 107,107,-0.0003
THR 108,108,-0.0003
SER 109,109,-0.0018
THR 110,110,0.0006
LEU 111,111,0.0002
GLN 112,112,0.0011
GLU 113,113,0.0623
GLN 114,114,0.0014
ILE 115,115,-0.0004
GLY 116,116,-0.0006
TRP 117,117,-0.0009
MET 118,118,-0.0005
THR 119,119,-0.0006
HID 120,120,0.0000
ASN 121,121,0.0003
PRO 122,122,0.0012
PRO 123,123,-0.0007
ILE 124,124,0.0004
PRO 125,125,-0.0007
VAL 126,126,-0.0012
GLY 127,127,-0.0005
GLU 128,128,0.0568
ILE 129,129,0.0001
TYR 130,130,-0.0016
LYS 131,131,-0.0582
ARG 132,132,-0.0625
TRP 133,133,0.0022
ILE 134,134,-0.0004
ILE 135,135,0.0018
LEU 136,136,0.0062
GLY 137,137,0.0152
LEU 138,138,-0.0059
ASN 139,139,0.0066
LYS 140,140,-0.1149
ILE 141,141,-0.0424
VAL 142,142,-0.0132
ARG 143,143,-0.2299
MET 144,144,-0.7268
TYR 145,145,-0.0593
SER 146,146,0.0522
PRO 147,147,0.0105
THR 148,148,-1.2073
SER 149,149,-2.9253
ILE 150,150,-11.8923
LEU 151,151,-6.1479
ASP 152,152,1.9209
ILE 153,153,-1.7438
ARG 154,154,-0.2682
GLN 155,155,0.0052
GLY 156,156,0.0031
PRO 157,157,-0.0031
LYS 158,158,-0.0639
GLU 159,159,0.1001
PRO 160,160,0.0051
PHE 161,161,0.0078
ARG 162,162,-0.0525
ASP 163,163,0.0151
TYR 164,164,0.0378
VAL 165,165,-0.0177
ASP 166,166,-0.0241
ARG 167,167,-0.3960
PHE 168,168,-0.8993
TYR 169,169,-0.1751
LYS 170,170,-0.2906
THR 171,171,-1.3959
LEU 172,172,-1.0969
ARG 173,173,-4.5378
ALA 174,174,-0.2985
GLU 175,175,4.8498
GLN 176,176,-1.5694
ALA 177,177,-0.1066
SER 178,178,-0.0484
GLN 179,179,-0.0555
GLU 180,180,0.1667
VAL 181,181,-0.0707
LYS 182,182,-0.3291
ASN 183,183,-0.0086
TRP 184,184,-0.0516
MET 185,185,-0.4326
THR 186,186,-0.0274
GLU 187,187,0.0677
THR 188,188,-0.0141
LEU 189,189,-0.6683
LEU 190,190,-0.0283
VAL 191,191,-0.0061
GLN 192,192,-0.0706
ASN 193,193,-0.3491
ALA 194,194,-0.0147
ASN 195,195,0.0009
PRO 196,196,-0.0012
ASP 197,197,0.0609
CYX 198,198,-0.0057
LYS 199,199,-0.0947
THR 200,200,-0.0010
ILE 201,201,-0.0032
LEU 202,202,-0.0075
LYS 203,203,-0.0666
ALA 204,204,-0.0013
LEU 205,205,-0.0026
GLY 206,206,-0.0011
PRO 207,207,-0.0047
GLY 208,208,-0.0037
ALA 209,209,0.0039
THR 210,210,-0.0027
LEU 211,211,-0.0075
GLU 212,212,0.0295
GLU 213,213,0.0254
MET 214,214,-0.0006
MET 215,215,-0.0017
THR 216,216,-0.0010
ALA 217,217,-0.0028
CYX 218,218,-0.0022
GLN 219,219,0.0018
GLY 220,220,-0.0003
VAL 221,221,0.0500
