Residue Name,Residue Number,Binding Free Energy (kcal/mol)
PRO   1,1,6.7203
ILE   2,2,14.6558
VAL   3,3,-8.8958
GLN   4,4,-53.2841
ASN   5,5,-66.8609
LEU   6,6,-6.2197
GLN   7,7,-53.9031
GLY   8,8,-2.7102
GLN   9,9,-53.2253
MET  10,10,10.2700
VAL  11,11,-9.7659
HID  12,12,17.1788
GLN  13,13,-54.1010
ALA  14,14,7.9259
ILE  15,15,11.6408
SER  16,16,7.2788
PRO  17,17,22.9376
ARG  18,18,-162.8607
THR  19,19,-20.4186
LEU  20,20,-11.4034
ASN  21,21,-71.4155
ALA  22,22,6.0653
TRP  23,23,16.0585
VAL  24,24,-2.6147
LYS  25,25,-4.6502
VAL  26,26,-14.2677
VAL  27,27,-12.8490
GLU  28,28,-62.5936
GLU  29,29,-48.2082
LYS  30,30,-6.2908
ALA  31,31,4.2636
PHE  32,32,13.4447
SER  33,33,13.8110
PRO  34,34,16.7557
GLU  35,35,-56.3298
VAL  36,36,-9.0370
ILE  37,37,21.2146
PRO  38,38,15.9778
MET  39,39,8.9918
PHE  40,40,4.8957
SER  41,41,-2.1142
ALA  42,42,8.8151
LEU  43,43,-10.2081
SER  44,44,-7.6607
GLU  45,45,-61.2827
GLY  46,46,-3.0850
ALA  47,47,4.3601
THR  48,48,-9.7692
PRO  49,49,11.3221
GLN  50,50,-58.8156
ASP  51,51,-54.0258
LEU  52,52,-15.4268
ASN  53,53,-75.1103
THR  54,54,-18.0113
MET  55,55,4.5238
LEU  56,56,-12.5509
ASN  57,57,-71.1142
THR  58,58,-15.3377
VAL  59,59,-9.9632
ALA  60,60,20.1072
PRO  61,61,15.5811
HID  62,62,16.2607
GLN  63,63,-51.9035
ALA  64,64,7.0277
ALA  65,65,4.9769
ALA  66,66,3.9510
GLN  67,67,-52.9547
MET  68,68,5.3072
LEU  69,69,-7.5956
LYS  70,70,-7.8008
GLU  71,71,-67.0499
THR  72,72,-20.1044
ILE  73,73,9.3872
ASN  74,74,-73.1669
GLU  75,75,-62.5349
GLU  76,76,-61.1390
ALA  77,77,3.8161
ALA  78,78,4.1194
GLU  79,79,-56.7253
TRP  80,80,10.3824
ASP  81,81,-51.7257
ARG  82,82,-166.5053
LEU  83,83,-14.9171
HID  84,84,24.5022
PRO  85,85,18.9168
VAL  86,86,-6.8964
HID  87,87,13.0317
ALA  88,88,8.9830
GLY  89,89,8.8176
PRO  90,90,18.0940
ILE  91,91,11.0583
ALA  92,92,19.3113
PRO  93,93,18.1474
GLY  94,94,-1.3641
GLN  95,95,-52.1790
MET  96,96,15.4436
ARG  97,97,-181.0109
GLU  98,98,-52.5492
PRO  99,99,17.9059
ARG 100,100,-173.9480
GLY 101,101,-10.0577
SER 102,102,-5.3899
ASP 103,103,-56.6682
ILE 104,104,7.6665
ALA 105,105,1.9173
GLY 106,106,-5.0848
THR 107,107,-16.9979
THR 108,108,-21.5419
SER 109,109,-1.5848
THR 110,110,-15.8520
LEU 111,111,-10.8709
GLN 112,112,-56.6264
GLU 113,113,-55.0491
GLN 114,114,-56.0544
ILE 115,115,7.1155
GLY 116,116,-4.0454
TRP 117,117,13.6915
MET 118,118,4.9848
THR 119,119,-20.0284
HID 120,120,16.7471
ASN 121,121,-54.1722
PRO 122,122,29.1159
PRO 123,123,14.9554
ILE 124,124,24.8416
PRO 125,125,18.0950
VAL 126,126,-11.8660
GLY 127,127,-7.4581
GLU 128,128,-54.7088
ILE 129,129,10.0736
TYR 130,130,-9.5836
LYS 131,131,-1.5935
ARG 132,132,-166.2654
TRP 133,133,10.1281
ILE 134,134,6.1511
ILE 135,135,9.4717
LEU 136,136,-13.4968
GLY 137,137,-4.4106
LEU 138,138,-15.0272
ASN 139,139,-64.9296
LYS 140,140,-4.3933
ILE 141,141,4.8523
VAL 142,142,-4.3455
ARG 143,143,-163.1211
MET 144,144,2.7289
TYR 145,145,-7.4728
SER 146,146,12.2402
PRO 147,147,17.6144
THR 148,148,-16.2942
SER 149,149,1.3505
ILE 150,150,14.0190
LEU 151,151,-11.6217
ASP 152,152,-64.6760
ILE 153,153,19.0956
ARG 154,154,-165.4665
GLN 155,155,-67.0201
GLY 156,156,6.9034
PRO 157,157,24.1526
LYS 158,158,-3.2870
GLU 159,159,-47.2458
PRO 160,160,14.4848
PHE 161,161,15.8431
ARG 162,162,-170.9742
ASP 163,163,-67.2363
TYR 164,164,-13.5530
VAL 165,165,-12.9315
ASP 166,166,-56.8917
ARG 167,167,-181.4810
PHE 168,168,0.4069
TYR 169,169,-2.2507
LYS 170,170,-11.1177
THR 171,171,-21.1294
LEU 172,172,-6.9269
ARG 173,173,-164.4674
ALA 174,174,0.1020
GLU 175,175,-59.6355
GLN 176,176,-52.0937
ALA 177,177,6.1987
SER 178,178,-0.1622
GLN 179,179,-53.9343
GLU 180,180,-59.9370
VAL 181,181,-3.2916
LYS 182,182,-13.8886
ASN 183,183,-74.3476
TRP 184,184,18.5175
MET 185,185,4.4740
THR 186,186,-19.8117
GLU 187,187,-60.4468
THR 188,188,-14.4482
LEU 189,189,-9.4849
LEU 190,190,-12.5045
VAL 191,191,-10.1432
GLN 192,192,-55.6666
ASN 193,193,-73.5037
ALA 194,194,3.9858
ASN 195,195,-58.9944
PRO 196,196,13.9160
ASP 197,197,-66.3719
CYX 198,198,10.4616
LYS 199,199,-7.3810
THR 200,200,-20.0415
ILE 201,201,13.1120
LEU 202,202,-8.4308
LYS 203,203,-3.2570
ALA 204,204,4.4451
LEU 205,205,-10.3964
GLY 206,206,8.3632
PRO 207,207,17.9367
GLY 208,208,-2.4806
ALA 209,209,5.9831
THR 210,210,-13.3652
LEU 211,211,-10.7767
GLU 212,212,-64.2073
GLU 213,213,-59.6455
MET 214,214,5.8832
MET 215,215,6.2554
THR 216,216,-18.2525
ALA 217,217,5.6988
CYX 218,218,5.8259
GLN 219,219,-50.6831
GLY 220,220,7.7310
VAL 221,221,-97.9523
PRO   1,1,6.7662
ILE   2,2,14.6570
VAL   3,3,-8.8964
GLN   4,4,-53.2842
ASN   5,5,-66.8610
LEU   6,6,-6.2197
GLN   7,7,-53.9030
GLY   8,8,-2.7099
GLN   9,9,-53.2252
MET  10,10,10.2694
VAL  11,11,-9.7665
HID  12,12,17.1876
GLN  13,13,-54.1024
ALA  14,14,7.9258
ILE  15,15,11.6412
SER  16,16,7.2814
PRO  17,17,22.9412
ARG  18,18,-162.7978
THR  19,19,-20.4153
LEU  20,20,-11.3972
ASN  21,21,-71.4003
ALA  22,22,6.0751
TRP  23,23,16.0768
VAL  24,24,-2.5895
LYS  25,25,-4.6621
VAL  26,26,-14.2395
VAL  27,27,-12.8122
GLU  28,28,-62.9840
GLU  29,29,-49.3911
LYS  30,30,-6.3503
ALA  31,31,4.3632
PHE  32,32,13.4784
SER  33,33,13.8565
PRO  34,34,16.8020
GLU  35,35,-56.3451
VAL  36,36,-9.0277
ILE  37,37,21.2185
PRO  38,38,15.9800
MET  39,39,9.0016
PHE  40,40,4.8970
SER  41,41,-2.1147
ALA  42,42,8.8153
LEU  43,43,-10.2050
SER  44,44,-7.6618
GLU  45,45,-61.3153
GLY  46,46,-3.0892
ALA  47,47,4.3531
THR  48,48,-9.7591
PRO  49,49,11.3258
GLN  50,50,-58.8115
ASP  51,51,-54.0669
LEU  52,52,-15.4270
ASN  53,53,-75.1059
THR  54,54,-18.0045
MET  55,55,4.5289
LEU  56,56,-12.5453
ASN  57,57,-71.1041
THR  58,58,-15.3206
VAL  59,59,-9.9455
ALA  60,60,20.1139
PRO  61,61,15.6188
HID  62,62,16.2933
GLN  63,63,-51.9015
ALA  64,64,7.0261
ALA  65,65,4.9746
ALA  66,66,3.9494
GLN  67,67,-52.9546
MET  68,68,5.3088
LEU  69,69,-7.5938
LYS  70,70,-7.7928
GLU  71,71,-67.0705
THR  72,72,-20.1041
ILE  73,73,9.3873
ASN  74,74,-73.1669
GLU  75,75,-62.5641
GLU  76,76,-61.1629
ALA  77,77,3.8160
ALA  78,78,4.1192
GLU  79,79,-56.7555
TRP  80,80,10.3820
ASP  81,81,-51.7540
ARG  82,82,-166.4753
LEU  83,83,-14.9171
HID  84,84,24.5018
PRO  85,85,18.9165
VAL  86,86,-6.8962
HID  87,87,13.0319
ALA  88,88,8.9829
GLY  89,89,8.8176
PRO  90,90,18.0940
ILE  91,91,11.0588
ALA  92,92,19.3111
PRO  93,93,18.1473
GLY  94,94,-1.3642
GLN  95,95,-52.1789
MET  96,96,15.4439
ARG  97,97,-180.9742
GLU  98,98,-52.5864
PRO  99,99,17.9072
ARG 100,100,-173.9197
GLY 101,101,-10.0587
SER 102,102,-5.3899
ASP 103,103,-56.7065
ILE 104,104,7.6640
ALA 105,105,1.9186
GLY 106,106,-5.0835
THR 107,107,-16.9981
THR 108,108,-21.5414
SER 109,109,-1.5832
THR 110,110,-15.8543
LEU 111,111,-10.8737
GLN 112,112,-56.6272
GLU 113,113,-55.0920
GLN 114,114,-56.0637
ILE 115,115,7.1136
GLY 116,116,-4.0445
TRP 117,117,13.6950
MET 118,118,4.9852
THR 119,119,-20.0268
HID 120,120,16.7471
ASN 121,121,-54.1725
PRO 122,122,29.1151
PRO 123,123,14.9577
ILE 124,124,24.8375
PRO 125,125,18.1034
VAL 126,126,-11.8591
GLY 127,127,-7.4469
GLU 128,128,-54.7485
ILE 129,129,10.0770
TYR 130,130,-9.5804
LYS 131,131,-1.5553
ARG 132,132,-166.2359
TRP 133,133,10.1280
ILE 134,134,6.1533
ILE 135,135,9.4722
LEU 136,136,-13.4955
GLY 137,137,-4.4067
LEU 138,138,-15.0198
ASN 139,139,-64.9293
LYS 140,140,-4.3652
ILE 141,141,4.8614
VAL 142,142,-4.3383
ARG 143,143,-163.0669
MET 144,144,2.7379
TYR 145,145,-7.4303
SER 146,146,12.2905
PRO 147,147,17.7160
THR 148,148,-15.2734
SER 149,149,4.5490
ILE 150,150,24.3402
LEU   1,1,-5.8704
ASP   2,2,-64.8299
ILE   3,3,21.2139
ARG   4,4,-165.1397
GLN   5,5,-66.9783
GLY   6,6,6.9472
PRO   7,7,24.2130
LYS   8,8,-3.1400
GLU   9,9,-47.5543
PRO  10,10,14.4767
PHE  11,11,15.8276
ARG  12,12,-170.9457
ASP  13,13,-67.5970
TYR  14,14,-13.5919
VAL  15,15,-12.9303
ASP  16,16,-57.2380
ARG  17,17,-180.8711
PHE  18,18,1.2859
TYR  19,19,-2.1342
LYS  20,20,-9.0661
THR  21,21,-19.8054
LEU  22,22,-5.9072
ARG  23,23,-164.4417
ALA  24,24,0.2763
GLU  25,25,-60.9624
GLN  26,26,-52.0229
ALA  27,27,6.2504
SER  28,28,-0.1353
GLN  29,29,-53.9184
GLU  30,30,-59.9528
VAL  31,31,-3.2582
LYS  32,32,-13.9026
ASN  33,33,-74.3372
TRP  34,34,18.5443
MET  35,35,5.0910
THR  36,36,-19.7675
GLU  37,37,-60.4702
THR  38,38,-14.4161
LEU  39,39,-8.7952
LEU  40,40,-12.5108
VAL  41,41,-10.1487
GLN  42,42,-55.5695
ASN  43,43,-73.0362
ALA  44,44,4.0005
ASN  45,45,-58.9845
PRO  46,46,13.9194
ASP  47,47,-66.4028
CYX  48,48,10.4681
LYS  49,49,-7.3048
THR  50,50,-20.0392
ILE  51,51,13.1161
LEU  52,52,-8.4245
LYS  53,53,-3.2221
ALA  54,54,4.4465
LEU  55,55,-10.3915
GLY  56,56,8.3626
PRO  57,57,17.9405
GLY  58,58,-2.4765
ALA  59,59,5.9820
THR  60,60,-13.3686
LEU  61,61,-10.7763
GLU  62,62,-64.1865
GLU  63,63,-59.6388
MET  64,64,5.8877
MET  65,65,6.2574
THR  66,66,-18.2505
ALA  67,67,5.7025
CYX  68,68,5.8294
GLN  69,69,-50.6806
GLY  70,70,7.7341
VAL  71,71,-97.9512
PRO   1,1,-0.0459
ILE   2,2,-0.0012
VAL   3,3,0.0006
GLN   4,4,0.0001
ASN   5,5,0.0000
LEU   6,6,0.0000
GLN   7,7,-0.0001
GLY   8,8,-0.0003
GLN   9,9,-0.0001
MET  10,10,0.0006
VAL  11,11,0.0006
HID  12,12,-0.0088
GLN  13,13,0.0014
ALA  14,14,0.0001
ILE  15,15,-0.0004
SER  16,16,-0.0025
PRO  17,17,-0.0036
ARG  18,18,-0.0629
THR  19,19,-0.0034
LEU  20,20,-0.0061
ASN  21,21,-0.0152
ALA  22,22,-0.0097
TRP  23,23,-0.0183
VAL  24,24,-0.0252
LYS  25,25,0.0119
VAL  26,26,-0.0282
VAL  27,27,-0.0368
GLU  28,28,0.3904
GLU  29,29,1.1829
LYS  30,30,0.0595
ALA  31,31,-0.0996
PHE  32,32,-0.0337
SER  33,33,-0.0454
PRO  34,34,-0.0462
GLU  35,35,0.0153
VAL  36,36,-0.0093
ILE  37,37,-0.0039
PRO  38,38,-0.0023
MET  39,39,-0.0098
PHE  40,40,-0.0013
SER  41,41,0.0005
ALA  42,42,-0.0002
LEU  43,43,-0.0031
SER  44,44,0.0010
GLU  45,45,0.0327
GLY  46,46,0.0042
ALA  47,47,0.0070
THR  48,48,-0.0101
PRO  49,49,-0.0038
GLN  50,50,-0.0041
ASP  51,51,0.0412
LEU  52,52,0.0001
ASN  53,53,-0.0044
THR  54,54,-0.0068
MET  55,55,-0.0051
LEU  56,56,-0.0056
ASN  57,57,-0.0100
THR  58,58,-0.0170
VAL  59,59,-0.0177
ALA  60,60,-0.0067
PRO  61,61,-0.0377
HID  62,62,-0.0326
GLN  63,63,-0.0020
ALA  64,64,0.0016
ALA  65,65,0.0023
ALA  66,66,0.0017
GLN  67,67,-0.0001
MET  68,68,-0.0016
LEU  69,69,-0.0018
LYS  70,70,-0.0080
GLU  71,71,0.0205
THR  72,72,-0.0003
ILE  73,73,-0.0001
ASN  74,74,-0.0000
GLU  75,75,0.0291
GLU  76,76,0.0239
ALA  77,77,0.0001
ALA  78,78,0.0003
GLU  79,79,0.0302
TRP  80,80,0.0004
ASP  81,81,0.0283
ARG  82,82,-0.0299
LEU  83,83,0.0000
HID  84,84,0.0003
PRO  85,85,0.0003
VAL  86,86,-0.0002
HID  87,87,-0.0002
ALA  88,88,0.0001
GLY  89,89,-0.0000
PRO  90,90,-0.0001
ILE  91,91,-0.0006
ALA  92,92,0.0002
PRO  93,93,0.0001
GLY  94,94,0.0001
GLN  95,95,-0.0001
MET  96,96,-0.0003
ARG  97,97,-0.0367
GLU  98,98,0.0372
PRO  99,99,-0.0013
ARG 100,100,-0.0283
GLY 101,101,0.0010
SER 102,102,0.0000
ASP 103,103,0.0383
ILE 104,104,0.0025
ALA 105,105,-0.0013
GLY 106,106,-0.0013
THR 107,107,0.0002
THR 108,108,-0.0005
SER 109,109,-0.0017
THR 110,110,0.0023
LEU 111,111,0.0028
GLN 112,112,0.0008
GLU 113,113,0.0429
GLN 114,114,0.0093
ILE 115,115,0.0019
GLY 116,116,-0.0009
TRP 117,117,-0.0034
MET 118,118,-0.0004
THR 119,119,-0.0016
HID 120,120,-0.0000
ASN 121,121,0.0003
PRO 122,122,0.0008
PRO 123,123,-0.0023
ILE 124,124,0.0041
PRO 125,125,-0.0084
VAL 126,126,-0.0069
GLY 127,127,-0.0112
GLU 128,128,0.0397
ILE 129,129,-0.0034
TYR 130,130,-0.0031
LYS 131,131,-0.0382
ARG 132,132,-0.0294
TRP 133,133,0.0002
ILE 134,134,-0.0022
ILE 135,135,-0.0005
LEU 136,136,-0.0013
GLY 137,137,-0.0039
LEU 138,138,-0.0074
ASN 139,139,-0.0003
LYS 140,140,-0.0280
ILE 141,141,-0.0091
VAL 142,142,-0.0072
ARG 143,143,-0.0543
MET 144,144,-0.0090
TYR 145,145,-0.0426
SER 146,146,-0.0503
PRO 147,147,-0.1016
THR 148,148,-1.0209
SER 149,149,-3.1985
ILE 150,150,-10.3212
LEU 151,151,-5.7513
ASP 152,152,0.1539
ILE 153,153,-2.1184
ARG 154,154,-0.3268
GLN 155,155,-0.0418
GLY 156,156,-0.0438
PRO 157,157,-0.0604
LYS 158,158,-0.1470
GLU 159,159,0.3085
PRO 160,160,0.0081
PHE 161,161,0.0155
ARG 162,162,-0.0285
ASP 163,163,0.3607
TYR 164,164,0.0389
VAL 165,165,-0.0012
ASP 166,166,0.3464
ARG 167,167,-0.6099
PHE 168,168,-0.8790
TYR 169,169,-0.1165
LYS 170,170,-2.0516
THR 171,171,-1.3240
LEU 172,172,-1.0197
ARG 173,173,-0.0257
ALA 174,174,-0.1744
GLU 175,175,1.3269
GLN 176,176,-0.0707
ALA 177,177,-0.0517
SER 178,178,-0.0270
GLN 179,179,-0.0159
GLU 180,180,0.0158
VAL 181,181,-0.0333
LYS 182,182,0.0140
ASN 183,183,-0.0104
TRP 184,184,-0.0268
MET 185,185,-0.6170
THR 186,186,-0.0442
GLU 187,187,0.0234
THR 188,188,-0.0321
LEU 189,189,-0.6897
LEU 190,190,0.0062
VAL 191,191,0.0055
GLN 192,192,-0.0971
ASN 193,193,-0.4675
ALA 194,194,-0.0147
ASN 195,195,-0.0099
PRO 196,196,-0.0033
ASP 197,197,0.0310
CYX 198,198,-0.0065
LYS 199,199,-0.0762
THR 200,200,-0.0023
ILE 201,201,-0.0041
LEU 202,202,-0.0063
LYS 203,203,-0.0349
ALA 204,204,-0.0014
LEU 205,205,-0.0048
GLY 206,206,0.0005
PRO 207,207,-0.0038
GLY 208,208,-0.0040
ALA 209,209,0.0011
THR 210,210,0.0035
LEU 211,211,-0.0004
GLU 212,212,-0.0208
GLU 213,213,-0.0067
MET 214,214,-0.0045
MET 215,215,-0.0019
THR 216,216,-0.0020
ALA 217,217,-0.0038
CYX 218,218,-0.0035
GLN 219,219,-0.0025
GLY 220,220,-0.0031
VAL 221,221,-0.0012
