Residue Name,Residue Number,Binding Free Energy (kcal/mol)
PRO   1,1,-3.0231
ILE   2,2,13.3604
VAL   3,3,-9.4129
GLN   4,4,-54.3913
ASN   5,5,-66.5360
LEU   6,6,-6.6329
GLN   7,7,-53.6954
GLY   8,8,-3.0328
GLN   9,9,-54.3840
MET  10,10,9.8412
VAL  11,11,-9.8722
HID  12,12,15.3952
GLN  13,13,-54.3746
ALA  14,14,9.5707
ILE  15,15,11.5757
SER  16,16,8.1668
PRO  17,17,23.2434
ARG  18,18,-162.5970
THR  19,19,-19.7884
LEU  20,20,-10.8797
ASN  21,21,-70.7204
ALA  22,22,6.1510
TRP  23,23,17.5681
VAL  24,24,-4.1777
LYS  25,25,-3.2043
VAL  26,26,-15.0544
VAL  27,27,-14.4231
GLU  28,28,-60.2587
GLU  29,29,-54.0198
LYS  30,30,-3.3571
ALA  31,31,2.3378
PHE  32,32,10.9413
SER  33,33,10.3900
PRO  34,34,12.6088
GLU  35,35,-56.8221
VAL  36,36,-10.7498
ILE  37,37,21.1935
PRO  38,38,15.6556
MET  39,39,6.2893
PHE  40,40,4.9549
SER  41,41,-0.1805
ALA  42,42,9.0586
LEU  43,43,-11.5252
SER  44,44,-7.5638
GLU  45,45,-58.6025
GLY  46,46,-2.0783
ALA  47,47,5.7871
THR  48,48,-7.4238
PRO  49,49,10.4503
GLN  50,50,-59.8351
ASP  51,51,-55.6090
LEU  52,52,-15.2774
ASN  53,53,-75.0536
THR  54,54,-18.0411
MET  55,55,5.0490
LEU  56,56,-12.7335
ASN  57,57,-70.2474
THR  58,58,-13.9147
VAL  59,59,-9.1556
ALA  60,60,18.8682
PRO  61,61,15.2832
HID  62,62,15.7387
GLN  63,63,-50.5848
ALA  64,64,6.3529
ALA  65,65,4.5722
ALA  66,66,3.7289
GLN  67,67,-53.4404
MET  68,68,4.4221
LEU  69,69,-7.8246
LYS  70,70,-8.9290
GLU  71,71,-66.7040
THR  72,72,-18.8195
ILE  73,73,8.3846
ASN  74,74,-73.1722
GLU  75,75,-60.7799
GLU  76,76,-61.4139
ALA  77,77,4.3796
ALA  78,78,4.1797
GLU  79,79,-58.5393
TRP  80,80,10.3173
ASP  81,81,-50.6254
ARG  82,82,-173.2307
LEU  83,83,-15.5386
HID  84,84,22.6398
PRO  85,85,19.3074
VAL  86,86,-6.9223
HID  87,87,16.5616
ALA  88,88,8.2136
GLY  89,89,9.6707
PRO  90,90,18.4716
ILE  91,91,11.5908
ALA  92,92,19.0352
PRO  93,93,18.7873
GLY  94,94,-2.3491
GLN  95,95,-52.3605
MET  96,96,15.7294
ARG  97,97,-186.2241
GLU  98,98,-52.7796
PRO  99,99,18.0222
ARG 100,100,-174.5233
GLY 101,101,-10.0826
SER 102,102,-4.4424
ASP 103,103,-56.0599
ILE 104,104,8.0223
ALA 105,105,1.3608
GLY 106,106,-4.5580
THR 107,107,-15.9338
THR 108,108,-18.9892
SER 109,109,-1.5626
THR 110,110,-15.9553
LEU 111,111,-10.8379
GLN 112,112,-56.5861
GLU 113,113,-54.1530
GLN 114,114,-55.8969
ILE 115,115,7.3510
GLY 116,116,-4.0410
TRP 117,117,13.1373
MET 118,118,4.9057
THR 119,119,-18.8754
HID 120,120,16.6041
ASN 121,121,-54.6923
PRO 122,122,29.3764
PRO 123,123,15.3961
ILE 124,124,22.4786
PRO 125,125,17.9732
VAL 126,126,-10.3763
GLY 127,127,-6.9848
GLU 128,128,-55.6623
ILE 129,129,7.8576
TYR 130,130,-9.1307
LYS 131,131,-6.2628
ARG 132,132,-165.7366
TRP 133,133,12.0145
ILE 134,134,6.3318
ILE 135,135,8.5416
LEU 136,136,-12.3589
GLY 137,137,-4.2513
LEU 138,138,-14.8849
ASN 139,139,-65.0249
LYS 140,140,-3.6813
ILE 141,141,3.6864
VAL 142,142,-7.5181
ARG 143,143,-167.1736
MET 144,144,2.8527
TYR 145,145,-8.8300
SER 146,146,11.0193
PRO 147,147,17.0075
THR 148,148,-13.4772
SER 149,149,4.9311
ILE 150,150,13.1335
LEU 151,151,-10.5214
ASP 152,152,-64.5226
ILE 153,153,18.8368
ARG 154,154,-168.3468
GLN 155,155,-66.6928
GLY 156,156,7.8777
PRO 157,157,23.8509
LYS 158,158,-4.1137
GLU 159,159,-47.2530
PRO 160,160,14.8030
PHE 161,161,15.0148
ARG 162,162,-165.8246
ASP 163,163,-69.2143
TYR 164,164,-13.2811
VAL 165,165,-12.8465
ASP 166,166,-59.3385
ARG 167,167,-177.8150
PHE 168,168,0.6787
TYR 169,169,-6.0815
LYS 170,170,-9.0569
THR 171,171,-20.7640
LEU 172,172,-5.6264
ARG 173,173,-169.8958
ALA 174,174,-2.3352
GLU 175,175,-59.4633
GLN 176,176,-52.3743
ALA 177,177,7.1000
SER 178,178,-1.4692
GLN 179,179,-54.4541
GLU 180,180,-59.0994
VAL 181,181,-2.8461
LYS 182,182,-13.0904
ASN 183,183,-74.0248
TRP 184,184,17.4884
MET 185,185,4.3308
THR 186,186,-19.4165
GLU 187,187,-55.4486
THR 188,188,-15.0198
LEU 189,189,-9.2164
LEU 190,190,-15.1468
VAL 191,191,-10.7033
GLN 192,192,-55.5565
ASN 193,193,-74.1970
ALA 194,194,2.7941
ASN 195,195,-59.7939
PRO 196,196,15.0088
ASP 197,197,-62.4697
CYX 198,198,13.1476
LYS 199,199,-5.8024
THR 200,200,-18.4988
ILE 201,201,14.8981
LEU 202,202,-8.6720
LYS 203,203,-2.8130
ALA 204,204,3.5234
LEU 205,205,-10.8601
GLY 206,206,7.9870
PRO 207,207,17.6534
GLY 208,208,-2.8212
ALA 209,209,5.8119
THR 210,210,-14.7830
LEU 211,211,-11.6678
GLU 212,212,-64.7685
GLU 213,213,-58.9319
MET 214,214,5.7038
MET 215,215,4.6294
THR 216,216,-18.2686
ALA 217,217,5.5226
CYX 218,218,4.1814
GLN 219,219,-53.0424
GLY 220,220,6.7984
VAL 221,221,-98.5652
PRO   1,1,-2.9461
ILE   2,2,13.3599
VAL   3,3,-9.4124
GLN   4,4,-54.3919
ASN   5,5,-66.5360
LEU   6,6,-6.6327
GLN   7,7,-53.6952
GLY   8,8,-3.0328
GLN   9,9,-54.3845
MET  10,10,9.8417
VAL  11,11,-9.8723
HID  12,12,15.3955
GLN  13,13,-54.3742
ALA  14,14,9.5705
ILE  15,15,11.5769
SER  16,16,8.1684
PRO  17,17,23.2443
ARG  18,18,-162.4976
THR  19,19,-19.7820
LEU  20,20,-10.8701
ASN  21,21,-70.7124
ALA  22,22,6.1732
TRP  23,23,17.6373
VAL  24,24,-4.1377
LYS  25,25,-3.0278
VAL  26,26,-14.8194
VAL  27,27,-14.2852
GLU  28,28,-60.2640
GLU  29,29,-54.1260
LYS  30,30,-2.5009
ALA  31,31,4.1569
PHE  32,32,11.8840
SER  33,33,10.8096
PRO  34,34,14.7920
GLU  35,35,-58.8461
VAL  36,36,-10.8079
ILE  37,37,21.2769
PRO  38,38,15.7382
MET  39,39,6.2864
PHE  40,40,4.9445
SER  41,41,-0.1855
ALA  42,42,9.0562
LEU  43,43,-11.5304
SER  44,44,-7.5669
GLU  45,45,-58.6708
GLY  46,46,-2.0786
ALA  47,47,5.7888
THR  48,48,-7.4221
PRO  49,49,10.4509
GLN  50,50,-59.8340
ASP  51,51,-55.6804
LEU  52,52,-15.2743
ASN  53,53,-75.0521
THR  54,54,-18.0416
MET  55,55,5.0568
LEU  56,56,-12.7284
ASN  57,57,-70.2470
THR  58,58,-13.9190
VAL  59,59,-9.1480
ALA  60,60,18.8708
PRO  61,61,15.2831
HID  62,62,15.7655
GLN  63,63,-50.5804
ALA  64,64,6.3517
ALA  65,65,4.5682
ALA  66,66,3.7333
GLN  67,67,-53.4384
MET  68,68,4.4410
LEU  69,69,-7.8252
LYS  70,70,-8.8628
GLU  71,71,-66.7780
THR  72,72,-18.8221
ILE  73,73,8.3858
ASN  74,74,-73.1692
GLU  75,75,-60.8501
GLU  76,76,-61.4832
ALA  77,77,4.3807
ALA  78,78,4.1811
GLU  79,79,-58.6055
TRP  80,80,10.3181
ASP  81,81,-50.6790
ARG  82,82,-173.1656
LEU  83,83,-15.5379
HID  84,84,22.6399
PRO  85,85,19.3070
VAL  86,86,-6.9222
HID  87,87,16.5612
ALA  88,88,8.2133
GLY  89,89,9.6698
PRO  90,90,18.4712
ILE  91,91,11.5918
ALA  92,92,19.0349
PRO  93,93,18.7869
GLY  94,94,-2.3496
GLN  95,95,-52.3602
MET  96,96,15.7302
ARG  97,97,-186.1622
GLU  98,98,-52.8420
PRO  99,99,18.0228
ARG 100,100,-174.4688
GLY 101,101,-10.0829
SER 102,102,-4.4429
ASP 103,103,-56.1185
ILE 104,104,8.0228
ALA 105,105,1.3608
GLY 106,106,-4.5576
THR 107,107,-15.9337
THR 108,108,-18.9889
SER 109,109,-1.5622
THR 110,110,-15.9554
LEU 111,111,-10.8377
GLN 112,112,-56.5868
GLU 113,113,-54.2163
GLN 114,114,-55.8973
ILE 115,115,7.3509
GLY 116,116,-4.0411
TRP 117,117,13.1378
MET 118,118,4.9059
THR 119,119,-18.8750
HID 120,120,16.6040
ASN 121,121,-54.6922
PRO 122,122,29.3769
PRO 123,123,15.3962
ILE 124,124,22.4790
PRO 125,125,17.9744
VAL 126,126,-10.3746
GLY 127,127,-6.9822
GLU 128,128,-55.7166
ILE 129,129,7.8604
TYR 130,130,-9.1241
LYS 131,131,-6.1995
ARG 132,132,-165.6641
TRP 133,133,12.0249
ILE 134,134,6.3576
ILE 135,135,8.5930
LEU 136,136,-12.3246
GLY 137,137,-4.2191
LEU 138,138,-14.7449
ASN 139,139,-64.7720
LYS 140,140,-3.5570
ILE 141,141,3.8115
VAL 142,142,-6.6187
ARG 143,143,-165.1968
MET 144,144,2.8057
TYR 145,145,-8.2510
SER 146,146,12.0383
PRO 147,147,18.0945
THR 148,148,-13.8855
SER 149,149,5.3625
ILE 150,150,23.8682
LEU   1,1,-4.9319
ASP   2,2,-63.4517
ILE   3,3,21.5094
ARG   4,4,-168.0089
GLN   5,5,-66.6820
GLY   6,6,7.8771
PRO   7,7,23.8564
LYS   8,8,-3.9897
GLU   9,9,-47.4190
PRO  10,10,14.8016
PHE  11,11,15.0155
ARG  12,12,-165.7291
ASP  13,13,-69.3045
TYR  14,14,-13.2697
VAL  15,15,-12.7780
ASP  16,16,-59.9848
ARG  17,17,-177.6119
PHE  18,18,1.8328
TYR  19,19,-5.3662
LYS  20,20,-4.8510
THR  21,21,-18.8608
LEU  22,22,-4.5553
ARG  23,23,-165.5093
ALA  24,24,-0.1758
GLU  25,25,-61.4019
GLN  26,26,-51.6744
ALA  27,27,7.2049
SER  28,28,-1.4226
GLN  29,29,-54.4094
GLU  30,30,-59.1764
VAL  31,31,-2.8133
LYS  32,32,-13.1287
ASN  33,33,-74.0111
TRP  34,34,17.5162
MET  35,35,4.7461
THR  36,36,-19.3906
GLU  37,37,-55.5210
THR  38,38,-15.0099
LEU  39,39,-8.5630
LEU  40,40,-15.1312
VAL  41,41,-10.7061
GLN  42,42,-55.4757
ASN  43,43,-73.5893
ALA  44,44,2.8067
ASN  45,45,-59.7913
PRO  46,46,15.0115
ASP  47,47,-62.5640
CYX  48,48,13.1573
LYS  49,49,-5.6632
THR  50,50,-18.4976
ILE  51,51,14.9032
LEU  52,52,-8.6608
LYS  53,53,-2.7262
ALA  54,54,3.5255
LEU  55,55,-10.8553
GLY  56,56,7.9882
PRO  57,57,17.6581
GLY  58,58,-2.8173
ALA  59,59,5.8120
THR  60,60,-14.7809
LEU  61,61,-11.6481
GLU  62,62,-64.7625
GLU  63,63,-58.9690
MET  64,64,5.7080
MET  65,65,4.6402
THR  66,66,-18.2649
ALA  67,67,5.5262
CYX  68,68,4.1802
GLN  69,69,-53.0405
GLY  70,70,6.7976
VAL  71,71,-98.6455
PRO   1,1,-0.0770
ILE   2,2,0.0004
VAL   3,3,-0.0006
GLN   4,4,0.0005
ASN   5,5,-0.0001
LEU   6,6,-0.0002
GLN   7,7,-0.0002
GLY   8,8,0.0000
GLN   9,9,0.0005
MET  10,10,-0.0005
VAL  11,11,0.0001
HID  12,12,-0.0002
GLN  13,13,-0.0004
ALA  14,14,0.0002
ILE  15,15,-0.0012
SER  16,16,-0.0017
PRO  17,17,-0.0009
ARG  18,18,-0.0994
THR  19,19,-0.0064
LEU  20,20,-0.0096
ASN  21,21,-0.0080
ALA  22,22,-0.0222
TRP  23,23,-0.0691
VAL  24,24,-0.0400
LYS  25,25,-0.1765
VAL  26,26,-0.2349
VAL  27,27,-0.1378
GLU  28,28,0.0053
GLU  29,29,0.1062
LYS  30,30,-0.8562
ALA  31,31,-1.8191
PHE  32,32,-0.9427
SER  33,33,-0.4196
PRO  34,34,-2.1832
GLU  35,35,2.0240
VAL  36,36,0.0580
ILE  37,37,-0.0833
PRO  38,38,-0.0826
MET  39,39,0.0029
PHE  40,40,0.0104
SER  41,41,0.0050
ALA  42,42,0.0025
LEU  43,43,0.0051
SER  44,44,0.0031
GLU  45,45,0.0683
GLY  46,46,0.0003
ALA  47,47,-0.0017
THR  48,48,-0.0016
PRO  49,49,-0.0007
GLN  50,50,-0.0011
ASP  51,51,0.0714
LEU  52,52,-0.0031
ASN  53,53,-0.0015
THR  54,54,0.0004
MET  55,55,-0.0077
LEU  56,56,-0.0051
ASN  57,57,-0.0004
THR  58,58,0.0043
VAL  59,59,-0.0077
ALA  60,60,-0.0026
PRO  61,61,0.0001
HID  62,62,-0.0269
GLN  63,63,-0.0045
ALA  64,64,0.0012
ALA  65,65,0.0040
ALA  66,66,-0.0044
GLN  67,67,-0.0019
MET  68,68,-0.0189
LEU  69,69,0.0006
LYS  70,70,-0.0662
GLU  71,71,0.0740
THR  72,72,0.0026
ILE  73,73,-0.0012
ASN  74,74,-0.0030
GLU  75,75,0.0702
GLU  76,76,0.0693
ALA  77,77,-0.0011
ALA  78,78,-0.0013
GLU  79,79,0.0662
TRP  80,80,-0.0008
ASP  81,81,0.0536
ARG  82,82,-0.0650
LEU  83,83,-0.0007
HID  84,84,-0.0001
PRO  85,85,0.0004
VAL  86,86,-0.0001
HID  87,87,0.0005
ALA  88,88,0.0003
GLY  89,89,0.0009
PRO  90,90,0.0004
ILE  91,91,-0.0010
ALA  92,92,0.0003
PRO  93,93,0.0003
GLY  94,94,0.0005
GLN  95,95,-0.0003
MET  96,96,-0.0008
ARG  97,97,-0.0619
GLU  98,98,0.0624
PRO  99,99,-0.0005
ARG 100,100,-0.0545
GLY 101,101,0.0002
SER 102,102,0.0005
ASP 103,103,0.0586
ILE 104,104,-0.0005
ALA 105,105,-0.0000
GLY 106,106,-0.0004
THR 107,107,-0.0001
THR 108,108,-0.0003
SER 109,109,-0.0004
THR 110,110,0.0001
LEU 111,111,-0.0002
GLN 112,112,0.0006
GLU 113,113,0.0632
GLN 114,114,0.0005
ILE 115,115,0.0001
GLY 116,116,0.0001
TRP 117,117,-0.0005
MET 118,118,-0.0002
THR 119,119,-0.0005
HID 120,120,0.0001
ASN 121,121,-0.0001
PRO 122,122,-0.0005
PRO 123,123,-0.0002
ILE 124,124,-0.0004
PRO 125,125,-0.0012
VAL 126,126,-0.0017
GLY 127,127,-0.0026
GLU 128,128,0.0543
ILE 129,129,-0.0028
TYR 130,130,-0.0066
LYS 131,131,-0.0633
ARG 132,132,-0.0725
TRP 133,133,-0.0105
ILE 134,134,-0.0258
ILE 135,135,-0.0514
LEU 136,136,-0.0343
GLY 137,137,-0.0321
LEU 138,138,-0.1400
ASN 139,139,-0.2529
LYS 140,140,-0.1243
ILE 141,141,-0.1250
VAL 142,142,-0.8994
ARG 143,143,-1.9768
MET 144,144,0.0470
TYR 145,145,-0.5790
SER 146,146,-1.0191
PRO 147,147,-1.0870
THR 148,148,0.4083
SER 149,149,-0.4314
ILE 150,150,-10.7347
LEU 151,151,-5.5896
ASP 152,152,-1.0709
ILE 153,153,-2.6726
ARG 154,154,-0.3378
GLN 155,155,-0.0108
GLY 156,156,0.0007
PRO 157,157,-0.0055
LYS 158,158,-0.1240
GLU 159,159,0.1660
PRO 160,160,0.0014
PHE 161,161,-0.0007
ARG 162,162,-0.0955
ASP 163,163,0.0902
TYR 164,164,-0.0113
VAL 165,165,-0.0685
ASP 166,166,0.6464
ARG 167,167,-0.2031
PHE 168,168,-1.1541
TYR 169,169,-0.7154
LYS 170,170,-4.2059
THR 171,171,-1.9033
LEU 172,172,-1.0711
ARG 173,173,-4.3866
ALA 174,174,-2.1594
GLU 175,175,1.9387
GLN 176,176,-0.6999
ALA 177,177,-0.1049
SER 178,178,-0.0467
GLN 179,179,-0.0447
GLU 180,180,0.0770
VAL 181,181,-0.0328
LYS 182,182,0.0383
ASN 183,183,-0.0137
TRP 184,184,-0.0278
MET 185,185,-0.4153
THR 186,186,-0.0260
GLU 187,187,0.0723
THR 188,188,-0.0099
LEU 189,189,-0.6534
LEU 190,190,-0.0156
VAL 191,191,0.0027
GLN 192,192,-0.0809
ASN 193,193,-0.6077
ALA 194,194,-0.0126
ASN 195,195,-0.0026
PRO 196,196,-0.0027
ASP 197,197,0.0944
CYX 198,198,-0.0097
LYS 199,199,-0.1392
THR 200,200,-0.0012
ILE 201,201,-0.0051
LEU 202,202,-0.0111
LYS 203,203,-0.0868
ALA 204,204,-0.0022
LEU 205,205,-0.0048
GLY 206,206,-0.0012
PRO 207,207,-0.0048
GLY 208,208,-0.0039
ALA 209,209,-0.0001
THR 210,210,-0.0021
LEU 211,211,-0.0197
GLU 212,212,-0.0059
GLU 213,213,0.0371
MET 214,214,-0.0042
MET 215,215,-0.0108
THR 216,216,-0.0037
ALA 217,217,-0.0036
CYX 218,218,0.0012
GLN 219,219,-0.0019
GLY 220,220,0.0008
VAL 221,221,0.0804
