Residue Name,Residue Number,Binding Free Energy (kcal/mol)
PRO   1,1,-6.6593
ILE   2,2,13.8024
VAL   3,3,-7.0971
GLN   4,4,-50.2235
ASN   5,5,-66.8736
LEU   6,6,-6.5534
GLN   7,7,-54.6842
GLY   8,8,-0.6865
GLN   9,9,-51.2154
MET  10,10,10.6920
VAL  11,11,-7.4669
HID  12,12,13.2326
GLN  13,13,-53.0839
ALA  14,14,8.2643
ILE  15,15,10.8420
SER  16,16,7.7096
PRO  17,17,23.3433
ARG  18,18,-162.7578
THR  19,19,-20.7954
LEU  20,20,-12.2694
ASN  21,21,-71.5421
ALA  22,22,5.7791
TRP  23,23,19.4729
VAL  24,24,-3.9823
LYS  25,25,-3.8574
VAL  26,26,-13.8159
VAL  27,27,-14.4605
GLU  28,28,-57.8883
GLU  29,29,-51.8813
LYS  30,30,-5.5957
ALA  31,31,3.0113
PHE  32,32,12.9594
SER  33,33,9.8599
PRO  34,34,13.7438
GLU  35,35,-59.1845
VAL  36,36,-11.1850
ILE  37,37,19.2092
PRO  38,38,15.4433
MET  39,39,8.8803
PHE  40,40,3.6266
SER  41,41,-0.7172
ALA  42,42,8.9914
LEU  43,43,-11.0764
SER  44,44,-7.0605
GLU  45,45,-58.3461
GLY  46,46,-4.7411
ALA  47,47,3.6651
THR  48,48,-9.1568
PRO  49,49,10.2662
GLN  50,50,-58.5713
ASP  51,51,-57.8362
LEU  52,52,-16.8945
ASN  53,53,-75.8531
THR  54,54,-19.9837
MET  55,55,3.9615
LEU  56,56,-12.2544
ASN  57,57,-71.8065
THR  58,58,-15.2693
VAL  59,59,-10.6964
ALA  60,60,19.9762
PRO  61,61,17.3976
HID  62,62,16.5663
GLN  63,63,-50.8173
ALA  64,64,8.3371
ALA  65,65,7.2794
ALA  66,66,5.6079
GLN  67,67,-51.7961
MET  68,68,7.4875
LEU  69,69,-6.9646
LYS  70,70,-8.4960
GLU  71,71,-65.0463
THR  72,72,-20.0905
ILE  73,73,9.8155
ASN  74,74,-72.3878
GLU  75,75,-60.5159
GLU  76,76,-60.4488
ALA  77,77,3.6893
ALA  78,78,4.7484
GLU  79,79,-58.1778
TRP  80,80,12.7234
ASP  81,81,-50.8795
ARG  82,82,-167.7868
LEU  83,83,-15.3927
HID  84,84,21.3587
PRO  85,85,19.2400
VAL  86,86,-6.7200
HID  87,87,16.5077
ALA  88,88,7.8395
GLY  89,89,9.7122
PRO  90,90,19.2198
ILE  91,91,10.4527
ALA  92,92,18.2093
PRO  93,93,18.6851
GLY  94,94,-2.1246
GLN  95,95,-52.7938
MET  96,96,14.2923
ARG  97,97,-185.0633
GLU  98,98,-51.7477
PRO  99,99,18.7114
ARG 100,100,-173.0659
GLY 101,101,-9.2225
SER 102,102,-4.8213
ASP 103,103,-51.6951
ILE 104,104,7.8807
ALA 105,105,1.9286
GLY 106,106,-4.9393
THR 107,107,-16.2002
THR 108,108,-21.3424
SER 109,109,-5.2338
THR 110,110,-15.1644
LEU 111,111,-11.2536
GLN 112,112,-55.9906
GLU 113,113,-55.7865
GLN 114,114,-56.2464
ILE 115,115,7.2344
GLY 116,116,-3.5593
TRP 117,117,14.2664
MET 118,118,6.5728
THR 119,119,-19.6433
HID 120,120,13.2772
ASN 121,121,-55.3320
PRO 122,122,26.6171
PRO 123,123,15.5737
ILE 124,124,21.3026
PRO 125,125,19.9927
VAL 126,126,-8.6833
GLY 127,127,-6.6548
GLU 128,128,-58.0634
ILE 129,129,8.9043
TYR 130,130,-8.9594
LYS 131,131,-1.5843
ARG 132,132,-164.9623
TRP 133,133,11.2867
ILE 134,134,7.6333
ILE 135,135,8.4352
LEU 136,136,-12.8609
GLY 137,137,-4.2693
LEU 138,138,-14.5433
ASN 139,139,-65.7865
LYS 140,140,-5.8178
ILE 141,141,6.3781
VAL 142,142,-4.1221
ARG 143,143,-164.8612
MET 144,144,4.1166
TYR 145,145,-8.7753
SER 146,146,12.6010
PRO 147,147,16.8515
THR 148,148,-16.0151
SER 149,149,2.0484
ILE 150,150,13.5592
LEU 151,151,-11.8805
ASP 152,152,-65.9449
ILE 153,153,16.2716
ARG 154,154,-168.3573
GLN 155,155,-66.5120
GLY 156,156,6.5880
PRO 157,157,24.5363
LYS 158,158,-5.2802
GLU 159,159,-46.0212
PRO 160,160,14.4778
PHE 161,161,15.5292
ARG 162,162,-167.4646
ASP 163,163,-69.1436
TYR 164,164,-13.3557
VAL 165,165,-12.6866
ASP 166,166,-60.9461
ARG 167,167,-178.7467
PHE 168,168,0.2514
TYR 169,169,-3.6002
LYS 170,170,-3.8612
THR 171,171,-21.2414
LEU 172,172,-6.8345
ARG 173,173,-176.8284
ALA 174,174,-1.3955
GLU 175,175,-58.1597
GLN 176,176,-54.3702
ALA 177,177,5.7446
SER 178,178,-1.4406
GLN 179,179,-56.6087
GLU 180,180,-59.1172
VAL 181,181,-3.0144
LYS 182,182,-4.1812
ASN 183,183,-75.1528
TRP 184,184,17.4720
MET 185,185,4.1392
THR 186,186,-22.0075
GLU 187,187,-61.0015
THR 188,188,-13.6520
LEU 189,189,-9.6422
LEU 190,190,-15.1069
VAL 191,191,-9.7687
GLN 192,192,-56.6179
ASN 193,193,-74.4984
ALA 194,194,3.1284
ASN 195,195,-61.4964
PRO 196,196,12.0500
ASP 197,197,-66.5438
CYX 198,198,9.6792
LYS 199,199,-7.9710
THR 200,200,-20.5989
ILE 201,201,12.8212
LEU 202,202,-6.6504
LYS 203,203,-3.3755
ALA 204,204,4.4798
LEU 205,205,-11.9074
GLY 206,206,8.0817
PRO 207,207,17.9683
GLY 208,208,-2.7727
ALA 209,209,5.6835
THR 210,210,-12.7157
LEU 211,211,-12.0329
GLU 212,212,-62.9044
GLU 213,213,-60.7795
MET 214,214,5.8248
MET 215,215,5.6267
THR 216,216,-18.8141
ALA 217,217,5.5754
CYX 218,218,4.6494
GLN 219,219,-51.5622
GLY 220,220,5.6223
VAL 221,221,-99.0062
PRO   1,1,-6.5876
ILE   2,2,13.8025
VAL   3,3,-7.0970
GLN   4,4,-50.2239
ASN   5,5,-66.8733
LEU   6,6,-6.5529
GLN   7,7,-54.6837
GLY   8,8,-0.6869
GLN   9,9,-51.2163
MET  10,10,10.6925
VAL  11,11,-7.4665
HID  12,12,13.2337
GLN  13,13,-53.0833
ALA  14,14,8.2650
ILE  15,15,10.8419
SER  16,16,7.7124
PRO  17,17,23.3471
ARG  18,18,-162.6845
THR  19,19,-20.7906
LEU  20,20,-12.2621
ASN  21,21,-71.5290
ALA  22,22,5.7842
TRP  23,23,19.4908
VAL  24,24,-3.9731
LYS  25,25,-4.0356
VAL  26,26,-13.7869
VAL  27,27,-14.3350
GLU  28,28,-62.3499
GLU  29,29,-54.7564
LYS  30,30,-5.3993
ALA  31,31,3.0150
PHE  32,32,14.1454
SER  33,33,9.9241
PRO  34,34,13.8168
GLU  35,35,-59.3773
VAL  36,36,-11.1534
ILE  37,37,19.2249
PRO  38,38,15.4527
MET  39,39,8.9050
PHE  40,40,3.6306
SER  41,41,-0.7157
ALA  42,42,8.9917
LEU  43,43,-11.0750
SER  44,44,-7.0608
GLU  45,45,-58.4027
GLY  46,46,-4.7423
ALA  47,47,3.6658
THR  48,48,-9.1545
PRO  49,49,10.2675
GLN  50,50,-58.5699
ASP  51,51,-57.9067
LEU  52,52,-16.8914
ASN  53,53,-75.8488
THR  54,54,-19.9829
MET  55,55,3.9670
LEU  56,56,-12.2471
ASN  57,57,-71.8050
THR  58,58,-15.2673
VAL  59,59,-10.6749
ALA  60,60,19.9877
PRO  61,61,17.4110
HID  62,62,16.6112
GLN  63,63,-50.8434
ALA  64,64,8.4315
ALA  65,65,7.2963
ALA  66,66,5.6164
GLN  67,67,-51.8001
MET  68,68,7.4861
LEU  69,69,-6.9637
LYS  70,70,-8.4399
GLU  71,71,-65.0808
THR  72,72,-20.0927
ILE  73,73,9.8161
ASN  74,74,-72.3877
GLU  75,75,-60.5571
GLU  76,76,-60.4931
ALA  77,77,3.6897
ALA  78,78,4.7487
GLU  79,79,-58.2209
TRP  80,80,12.7240
ASP  81,81,-50.9221
ARG  82,82,-167.7439
LEU  83,83,-15.3926
HID  84,84,21.3586
PRO  85,85,19.2395
VAL  86,86,-6.7199
HID  87,87,16.5068
ALA  88,88,7.8391
GLY  89,89,9.7117
PRO  90,90,19.2198
ILE  91,91,10.4537
ALA  92,92,18.2086
PRO  93,93,18.6855
GLY  94,94,-2.1248
GLN  95,95,-52.7934
MET  96,96,14.2936
ARG  97,97,-185.0021
GLU  98,98,-51.7972
PRO  99,99,18.7130
ARG 100,100,-173.0224
GLY 101,101,-9.2234
SER 102,102,-4.8213
ASP 103,103,-51.7549
ILE 104,104,7.8802
ALA 105,105,1.9283
GLY 106,106,-4.9402
THR 107,107,-16.2012
THR 108,108,-21.3417
SER 109,109,-5.2343
THR 110,110,-15.1641
LEU 111,111,-11.2530
GLN 112,112,-55.9900
GLU 113,113,-55.8508
GLN 114,114,-56.2464
ILE 115,115,7.2353
GLY 116,116,-3.5584
TRP 117,117,14.2676
MET 118,118,6.5741
THR 119,119,-19.6421
HID 120,120,13.2770
ASN 121,121,-55.3318
PRO 122,122,26.6174
PRO 123,123,15.5741
ILE 124,124,21.3022
PRO 125,125,19.9928
VAL 126,126,-8.6814
GLY 127,127,-6.6527
GLU 128,128,-58.1165
ILE 129,129,8.9058
TYR 130,130,-8.9550
LYS 131,131,-1.5295
ARG 132,132,-164.9053
TRP 133,133,11.2905
ILE 134,134,7.6429
ILE 135,135,8.4429
LEU 136,136,-12.8574
GLY 137,137,-4.2593
LEU 138,138,-14.5211
ASN 139,139,-65.7885
LYS 140,140,-5.7831
ILE 141,141,6.4332
VAL 142,142,-4.0883
ARG 143,143,-164.7622
MET 144,144,4.1618
TYR 145,145,-7.7578
SER 146,146,12.6882
PRO 147,147,17.2438
THR 148,148,-16.0189
SER 149,149,3.4522
ILE 150,150,24.4626
LEU   1,1,-6.0036
ASP   2,2,-65.5762
ILE   3,3,18.8782
ARG   4,4,-167.9804
GLN   5,5,-66.4971
GLY   6,6,6.5814
PRO   7,7,24.5402
LYS   8,8,-5.2166
GLU   9,9,-46.1557
PRO  10,10,14.4669
PHE  11,11,15.5095
ARG  12,12,-167.4091
ASP  13,13,-69.1761
TYR  14,14,-13.3688
VAL  15,15,-12.6933
ASP  16,16,-61.0357
ARG  17,17,-178.2393
PHE  18,18,1.5536
TYR  19,19,-3.4370
LYS  20,20,-4.3379
THR  21,21,-19.9972
LEU  22,22,-5.8542
ARG  23,23,-162.3127
ALA  24,24,0.2102
GLU  25,25,-61.9977
GLN  26,26,-53.0672
ALA  27,27,5.8071
SER  28,28,-1.4128
GLN  29,29,-56.5991
GLU  30,30,-59.2045
VAL  31,31,-2.9555
LYS  32,32,-3.5305
ASN  33,33,-75.1537
TRP  34,34,17.5092
MET  35,35,4.6263
THR  36,36,-22.0008
GLU  37,37,-61.0473
THR  38,38,-13.6202
LEU  39,39,-8.8266
LEU  40,40,-15.0881
VAL  41,41,-9.7520
GLN  42,42,-56.5055
ASN  43,43,-72.9446
ALA  44,44,3.1392
ASN  45,45,-61.4975
PRO  46,46,12.0518
ASP  47,47,-66.5777
CYX  48,48,9.6863
LYS  49,49,-7.8917
THR  50,50,-20.5961
ILE  51,51,12.8256
LEU  52,52,-6.6457
LYS  53,53,-3.3495
ALA  54,54,4.4810
LEU  55,55,-11.9048
GLY  56,56,8.0811
PRO  57,57,17.9685
GLY  58,58,-2.7724
ALA  59,59,5.6835
THR  60,60,-12.7153
LEU  61,61,-12.0275
GLU  62,62,-62.9548
GLU  63,63,-60.8142
MET  64,64,5.8275
MET  65,65,5.6394
THR  66,66,-18.8101
ALA  67,67,5.5793
CYX  68,68,4.6515
GLN  69,69,-51.5612
GLY  70,70,5.6231
VAL  71,71,-99.0445
PRO   1,1,-0.0717
ILE   2,2,-0.0001
VAL   3,3,-0.0002
GLN   4,4,0.0003
ASN   5,5,-0.0003
LEU   6,6,-0.0005
GLN   7,7,-0.0006
GLY   8,8,0.0005
GLN   9,9,0.0009
MET  10,10,-0.0005
VAL  11,11,-0.0003
HID  12,12,-0.0011
GLN  13,13,-0.0006
ALA  14,14,-0.0007
ILE  15,15,0.0001
SER  16,16,-0.0028
PRO  17,17,-0.0038
ARG  18,18,-0.0733
THR  19,19,-0.0049
LEU  20,20,-0.0073
ASN  21,21,-0.0131
ALA  22,22,-0.0051
TRP  23,23,-0.0179
VAL  24,24,-0.0092
LYS  25,25,0.1782
VAL  26,26,-0.0290
VAL  27,27,-0.1255
GLU  28,28,4.4616
GLU  29,29,2.8752
LYS  30,30,-0.1964
ALA  31,31,-0.0037
PHE  32,32,-1.1860
SER  33,33,-0.0642
PRO  34,34,-0.0730
GLU  35,35,0.1928
VAL  36,36,-0.0316
ILE  37,37,-0.0157
PRO  38,38,-0.0095
MET  39,39,-0.0247
PHE  40,40,-0.0039
SER  41,41,-0.0015
ALA  42,42,-0.0003
LEU  43,43,-0.0015
SER  44,44,0.0004
GLU  45,45,0.0566
GLY  46,46,0.0012
ALA  47,47,-0.0008
THR  48,48,-0.0023
PRO  49,49,-0.0013
GLN  50,50,-0.0014
ASP  51,51,0.0705
LEU  52,52,-0.0030
ASN  53,53,-0.0044
THR  54,54,-0.0008
MET  55,55,-0.0054
LEU  56,56,-0.0073
ASN  57,57,-0.0015
THR  58,58,-0.0019
VAL  59,59,-0.0215
ALA  60,60,-0.0116
PRO  61,61,-0.0134
HID  62,62,-0.0449
GLN  63,63,0.0261
ALA  64,64,-0.0944
ALA  65,65,-0.0169
ALA  66,66,-0.0085
GLN  67,67,0.0040
MET  68,68,0.0014
LEU  69,69,-0.0009
LYS  70,70,-0.0561
GLU  71,71,0.0345
THR  72,72,0.0022
ILE  73,73,-0.0006
ASN  74,74,-0.0002
GLU  75,75,0.0412
GLU  76,76,0.0443
ALA  77,77,-0.0004
ALA  78,78,-0.0003
GLU  79,79,0.0431
TRP  80,80,-0.0006
ASP  81,81,0.0426
ARG  82,82,-0.0429
LEU  83,83,-0.0001
HID  84,84,0.0002
PRO  85,85,0.0005
VAL  86,86,-0.0002
HID  87,87,0.0008
ALA  88,88,0.0005
GLY  89,89,0.0006
PRO  90,90,-0.0000
ILE  91,91,-0.0010
ALA  92,92,0.0007
PRO  93,93,-0.0004
GLY  94,94,0.0001
GLN  95,95,-0.0005
MET  96,96,-0.0012
ARG  97,97,-0.0611
GLU  98,98,0.0495
PRO  99,99,-0.0015
ARG 100,100,-0.0435
GLY 101,101,0.0009
SER 102,102,0.0000
ASP 103,103,0.0598
ILE 104,104,0.0005
ALA 105,105,0.0003
GLY 106,106,0.0008
THR 107,107,0.0009
THR 108,108,-0.0007
SER 109,109,0.0005
THR 110,110,-0.0003
LEU 111,111,-0.0006
GLN 112,112,-0.0006
GLU 113,113,0.0643
GLN 114,114,-0.0001
ILE 115,115,-0.0009
GLY 116,116,-0.0010
TRP 117,117,-0.0012
MET 118,118,-0.0013
THR 119,119,-0.0012
HID 120,120,0.0002
ASN 121,121,-0.0002
PRO 122,122,-0.0003
PRO 123,123,-0.0004
ILE 124,124,0.0003
PRO 125,125,-0.0001
VAL 126,126,-0.0019
GLY 127,127,-0.0021
GLU 128,128,0.0531
ILE 129,129,-0.0015
TYR 130,130,-0.0043
LYS 131,131,-0.0548
ARG 132,132,-0.0570
TRP 133,133,-0.0038
ILE 134,134,-0.0096
ILE 135,135,-0.0076
LEU 136,136,-0.0035
GLY 137,137,-0.0100
LEU 138,138,-0.0222
ASN 139,139,0.0020
LYS 140,140,-0.0347
ILE 141,141,-0.0551
VAL 142,142,-0.0337
ARG 143,143,-0.0990
MET 144,144,-0.0452
TYR 145,145,-1.0175
SER 146,146,-0.0872
PRO 147,147,-0.3923
THR 148,148,0.0038
SER 149,149,-1.4038
ILE 150,150,-10.9034
LEU 151,151,-5.8769
ASP 152,152,-0.3687
ILE 153,153,-2.6066
ARG 154,154,-0.3769
GLN 155,155,-0.0150
GLY 156,156,0.0066
PRO 157,157,-0.0039
LYS 158,158,-0.0636
GLU 159,159,0.1345
PRO 160,160,0.0109
PHE 161,161,0.0197
ARG 162,162,-0.0555
ASP 163,163,0.0326
TYR 164,164,0.0130
VAL 165,165,0.0066
ASP 166,166,0.0897
ARG 167,167,-0.5074
PHE 168,168,-1.3021
TYR 169,169,-0.1632
LYS 170,170,0.4767
THR 171,171,-1.2442
LEU 172,172,-0.9803
ARG 173,173,-14.5157
ALA 174,174,-1.6057
GLU 175,175,3.8380
GLN 176,176,-1.3030
ALA 177,177,-0.0625
SER 178,178,-0.0278
GLN 179,179,-0.0096
GLU 180,180,0.0873
VAL 181,181,-0.0588
LYS 182,182,-0.6507
ASN 183,183,0.0010
TRP 184,184,-0.0372
MET 185,185,-0.4871
THR 186,186,-0.0067
GLU 187,187,0.0458
THR 188,188,-0.0319
LEU 189,189,-0.8156
LEU 190,190,-0.0188
VAL 191,191,-0.0167
GLN 192,192,-0.1124
ASN 193,193,-1.5537
ALA 194,194,-0.0108
ASN 195,195,0.0011
PRO 196,196,-0.0018
ASP 197,197,0.0338
CYX 198,198,-0.0070
LYS 199,199,-0.0793
THR 200,200,-0.0029
ILE 201,201,-0.0045
LEU 202,202,-0.0047
LYS 203,203,-0.0260
ALA 204,204,-0.0012
LEU 205,205,-0.0026
GLY 206,206,0.0006
PRO 207,207,-0.0002
GLY 208,208,-0.0003
ALA 209,209,0.0000
THR 210,210,-0.0004
LEU 211,211,-0.0054
GLU 212,212,0.0504
GLU 213,213,0.0347
MET 214,214,-0.0028
MET 215,215,-0.0126
THR 216,216,-0.0040
ALA 217,217,-0.0039
CYX 218,218,-0.0021
GLN 219,219,-0.0010
GLY 220,220,-0.0008
VAL 221,221,0.0383
