Residue Name,Residue Number,Binding Free Energy (kcal/mol)
PRO   1,1,-2.5249
ILE   2,2,14.2194
VAL   3,3,-10.1004
GLN   4,4,-50.9677
ASN   5,5,-69.1326
LEU   6,6,-6.0317
GLN   7,7,-53.1078
GLY   8,8,-1.6083
GLN   9,9,-51.9261
MET  10,10,9.4537
VAL  11,11,-8.8859
HID  12,12,14.6105
GLN  13,13,-55.2659
ALA  14,14,7.1419
ILE  15,15,9.9868
SER  16,16,6.9030
PRO  17,17,23.1161
ARG  18,18,-162.5371
THR  19,19,-21.0465
LEU  20,20,-13.0126
ASN  21,21,-70.9818
ALA  22,22,5.2048
TRP  23,23,19.5654
VAL  24,24,-2.6464
LYS  25,25,-3.5630
VAL  26,26,-13.4364
VAL  27,27,-12.4075
GLU  28,28,-54.8073
GLU  29,29,-52.0799
LYS  30,30,-6.0520
ALA  31,31,2.8757
PHE  32,32,13.1158
SER  33,33,12.5432
PRO  34,34,13.8496
GLU  35,35,-59.2685
VAL  36,36,-10.6174
ILE  37,37,20.0714
PRO  38,38,15.5015
MET  39,39,8.6222
PHE  40,40,4.4095
SER  41,41,0.4021
ALA  42,42,8.7131
LEU  43,43,-11.2768
SER  44,44,-8.6250
GLU  45,45,-58.8531
GLY  46,46,-3.6877
ALA  47,47,5.3055
THR  48,48,-8.8369
PRO  49,49,12.0109
GLN  50,50,-57.5616
ASP  51,51,-61.0921
LEU  52,52,-16.6329
ASN  53,53,-75.1169
THR  54,54,-20.5542
MET  55,55,3.7131
LEU  56,56,-12.4124
ASN  57,57,-71.7260
THR  58,58,-15.3950
VAL  59,59,-8.2966
ALA  60,60,18.9324
PRO  61,61,16.6940
HID  62,62,16.7126
GLN  63,63,-47.6661
ALA  64,64,6.7874
ALA  65,65,6.2950
ALA  66,66,3.7654
GLN  67,67,-52.9395
MET  68,68,5.4787
LEU  69,69,-6.4167
LYS  70,70,-6.6823
GLU  71,71,-65.6443
THR  72,72,-18.7704
ILE  73,73,9.1947
ASN  74,74,-74.3397
GLU  75,75,-62.0060
GLU  76,76,-60.1870
ALA  77,77,4.9435
ALA  78,78,3.9066
GLU  79,79,-56.4932
TRP  80,80,10.7255
ASP  81,81,-49.7437
ARG  82,82,-170.0486
LEU  83,83,-16.6408
HID  84,84,22.3274
PRO  85,85,18.7598
VAL  86,86,-7.3982
HID  87,87,16.4094
ALA  88,88,8.2784
GLY  89,89,9.8626
PRO  90,90,18.9604
ILE  91,91,11.2776
ALA  92,92,18.6055
PRO  93,93,18.5297
GLY  94,94,-2.0598
GLN  95,95,-52.8072
MET  96,96,15.7245
ARG  97,97,-184.7186
GLU  98,98,-49.5376
PRO  99,99,18.1244
ARG 100,100,-173.5664
GLY 101,101,-10.2942
SER 102,102,-4.9048
ASP 103,103,-52.7450
ILE 104,104,9.1675
ALA 105,105,2.7855
GLY 106,106,-4.6853
THR 107,107,-17.2833
THR 108,108,-20.8187
SER 109,109,-2.6721
THR 110,110,-14.9595
LEU 111,111,-10.5219
GLN 112,112,-56.1226
GLU 113,113,-56.0912
GLN 114,114,-56.9248
ILE 115,115,5.0735
GLY 116,116,-4.1574
TRP 117,117,13.6706
MET 118,118,4.1457
THR 119,119,-19.6637
HID 120,120,15.1542
ASN 121,121,-55.1154
PRO 122,122,26.9689
PRO 123,123,15.9427
ILE 124,124,23.5682
PRO 125,125,18.1190
VAL 126,126,-11.3516
GLY 127,127,-6.3083
GLU 128,128,-57.6284
ILE 129,129,8.5155
TYR 130,130,-7.9533
LYS 131,131,-2.7464
ARG 132,132,-166.5216
TRP 133,133,11.2220
ILE 134,134,5.8545
ILE 135,135,8.2079
LEU 136,136,-12.8734
GLY 137,137,-4.4264
LEU 138,138,-13.9515
ASN 139,139,-65.4577
LYS 140,140,-2.0327
ILE 141,141,6.3059
VAL 142,142,-4.2901
ARG 143,143,-163.5118
MET 144,144,5.9092
TYR 145,145,-5.5002
SER 146,146,15.5742
PRO 147,147,17.8587
THR 148,148,-17.5339
SER 149,149,1.1952
ILE 150,150,13.1640
LEU 151,151,-10.7236
ASP 152,152,-64.9635
ILE 153,153,17.5669
ARG 154,154,-167.4928
GLN 155,155,-66.3477
GLY 156,156,7.1924
PRO 157,157,24.2066
LYS 158,158,-3.4280
GLU 159,159,-46.7450
PRO 160,160,15.1988
PHE 161,161,14.4531
ARG 162,162,-168.3458
ASP 163,163,-67.9049
TYR 164,164,-13.7893
VAL 165,165,-12.6118
ASP 166,166,-58.3884
ARG 167,167,-180.5537
PHE 168,168,0.7513
TYR 169,169,-3.8769
LYS 170,170,-10.0429
THR 171,171,-22.8140
LEU 172,172,-5.8287
ARG 173,173,-172.1715
ALA 174,174,0.1220
GLU 175,175,-56.4294
GLN 176,176,-53.0647
ALA 177,177,6.5355
SER 178,178,-0.5642
GLN 179,179,-53.6115
GLU 180,180,-58.7986
VAL 181,181,-2.9635
LYS 182,182,-5.6886
ASN 183,183,-73.5331
TRP 184,184,18.7325
MET 185,185,5.1106
THR 186,186,-21.1093
GLU 187,187,-57.3027
THR 188,188,-13.0328
LEU 189,189,-8.3039
LEU 190,190,-14.7894
VAL 191,191,-11.2951
GLN 192,192,-56.5376
ASN 193,193,-74.0656
ALA 194,194,3.3709
ASN 195,195,-61.0955
PRO 196,196,14.1648
ASP 197,197,-66.7152
CYX 198,198,12.2082
LYS 199,199,-6.6492
THR 200,200,-20.3003
ILE 201,201,13.5587
LEU 202,202,-8.2551
LYS 203,203,-3.6894
ALA 204,204,4.1635
LEU 205,205,-11.2014
GLY 206,206,8.0976
PRO 207,207,17.3136
GLY 208,208,-2.8350
ALA 209,209,6.0451
THR 210,210,-13.9483
LEU 211,211,-11.7918
GLU 212,212,-64.6938
GLU 213,213,-60.2498
MET 214,214,4.7318
MET 215,215,3.8781
THR 216,216,-18.2974
ALA 217,217,6.8029
CYX 218,218,8.9807
GLN 219,219,-52.8977
GLY 220,220,5.8595
VAL 221,221,-99.4955
PRO   1,1,-2.4613
ILE   2,2,14.2193
VAL   3,3,-10.1000
GLN   4,4,-50.9682
ASN   5,5,-69.1322
LEU   6,6,-6.0311
GLN   7,7,-53.1074
GLY   8,8,-1.6082
GLN   9,9,-51.9266
MET  10,10,9.4542
VAL  11,11,-8.8864
HID  12,12,14.6120
GLN  13,13,-55.2654
ALA  14,14,7.1412
ILE  15,15,9.9888
SER  16,16,6.9083
PRO  17,17,23.1244
ARG  18,18,-162.4610
THR  19,19,-21.0396
LEU  20,20,-12.9892
ASN  21,21,-70.9363
ALA  22,22,5.2214
TRP  23,23,19.6048
VAL  24,24,-2.5617
LYS  25,25,-3.4969
VAL  26,26,-13.3895
VAL  27,27,-12.3210
GLU  28,28,-62.0758
GLU  29,29,-54.2792
LYS  30,30,-5.9504
ALA  31,31,3.2509
PHE  32,32,14.3321
SER  33,33,12.6422
PRO  34,34,13.8763
GLU  35,35,-59.3022
VAL  36,36,-10.5795
ILE  37,37,20.0804
PRO  38,38,15.5058
MET  39,39,8.6328
PHE  40,40,4.4168
SER  41,41,0.4045
ALA  42,42,8.7141
LEU  43,43,-11.2732
SER  44,44,-8.6235
GLU  45,45,-58.9083
GLY  46,46,-3.6883
ALA  47,47,5.3062
THR  48,48,-8.8354
PRO  49,49,12.0124
GLN  50,50,-57.5592
ASP  51,51,-61.1473
LEU  52,52,-16.6308
ASN  53,53,-75.1111
THR  54,54,-20.5453
MET  55,55,3.7305
LEU  56,56,-12.4005
ASN  57,57,-71.7096
THR  58,58,-15.3513
VAL  59,59,-8.2451
ALA  60,60,18.9524
PRO  61,61,16.7934
HID  62,62,16.7204
GLN  63,63,-47.6667
ALA  64,64,6.8623
ALA  65,65,6.3326
ALA  66,66,3.7732
GLN  67,67,-52.9138
MET  68,68,5.5106
LEU  69,69,-6.4057
LYS  70,70,-6.6309
GLU  71,71,-65.7288
THR  72,72,-18.7666
ILE  73,73,9.1970
ASN  74,74,-74.3349
GLU  75,75,-62.0849
GLU  76,76,-60.2536
ALA  77,77,4.9449
ALA  78,78,3.9077
GLU  79,79,-56.5584
TRP  80,80,10.7258
ASP  81,81,-49.7962
ARG  82,82,-169.9831
LEU  83,83,-16.6403
HID  84,84,22.3280
PRO  85,85,18.7599
VAL  86,86,-7.3980
HID  87,87,16.4091
ALA  88,88,8.2781
GLY  89,89,9.8619
PRO  90,90,18.9601
ILE  91,91,11.2783
ALA  92,92,18.6049
PRO  93,93,18.5293
GLY  94,94,-2.0601
GLN  95,95,-52.8059
MET  96,96,15.7242
ARG  97,97,-184.6651
GLU  98,98,-49.5929
PRO  99,99,18.1248
ARG 100,100,-173.5150
GLY 101,101,-10.2940
SER 102,102,-4.9047
ASP 103,103,-52.7958
ILE 104,104,9.1680
ALA 105,105,2.7870
GLY 106,106,-4.6846
THR 107,107,-17.2827
THR 108,108,-20.8186
SER 109,109,-2.6714
THR 110,110,-14.9602
LEU 111,111,-10.5225
GLN 112,112,-56.1229
GLU 113,113,-56.1451
GLN 114,114,-56.9247
ILE 115,115,5.0738
GLY 116,116,-4.1572
TRP 117,117,13.6715
MET 118,118,4.1462
THR 119,119,-19.6631
HID 120,120,15.1543
ASN 121,121,-55.1153
PRO 122,122,26.9691
PRO 123,123,15.9423
ILE 124,124,23.5684
PRO 125,125,18.1193
VAL 126,126,-11.3512
GLY 127,127,-6.3083
GLU 128,128,-57.6790
ILE 129,129,8.5155
TYR 130,130,-7.9537
LYS 131,131,-2.6952
ARG 132,132,-166.4615
TRP 133,133,11.2194
ILE 134,134,5.8514
ILE 135,135,8.2036
LEU 136,136,-12.8767
GLY 137,137,-4.4354
LEU 138,138,-13.9607
ASN 139,139,-65.4680
LYS 140,140,-1.9249
ILE 141,141,6.2777
VAL 142,142,-4.2812
ARG 143,143,-163.3633
MET 144,144,5.8804
TYR 145,145,-5.0998
SER 146,146,15.5488
PRO 147,147,18.1695
THR 148,148,-14.8557
SER 149,149,2.7690
ILE 150,150,24.7152
LEU   1,1,-5.2410
ASP   2,2,-65.3403
ILE   3,3,19.5625
ARG   4,4,-167.3212
GLN   5,5,-66.3426
GLY   6,6,7.1907
PRO   7,7,24.2130
LYS   8,8,-3.3999
GLU   9,9,-46.8016
PRO  10,10,15.1907
PHE  11,11,14.4385
ARG  12,12,-168.3407
ASP  13,13,-67.8954
TYR  14,14,-13.8200
VAL  15,15,-12.6149
ASP  16,16,-58.4973
ARG  17,17,-180.0334
PHE  18,18,1.9415
TYR  19,19,-3.6512
LYS  20,20,-5.7994
THR  21,21,-20.7650
LEU  22,22,-4.5330
ARG  23,23,-163.0317
ALA  24,24,0.8249
GLU  25,25,-62.0820
GLN  26,26,-52.3261
ALA  27,27,6.6445
SER  28,28,-0.5107
GLN  29,29,-53.5691
GLU  30,30,-58.8774
VAL  31,31,-2.9050
LYS  32,32,-5.4995
ASN  33,33,-73.5258
TRP  34,34,18.7642
MET  35,35,5.5824
THR  36,36,-21.1051
GLU  37,37,-57.3486
THR  38,38,-13.0047
LEU  39,39,-7.6157
LEU  40,40,-14.7564
VAL  41,41,-11.3010
GLN  42,42,-56.4592
ASN  43,43,-73.2403
ALA  44,44,3.3801
ASN  45,45,-61.1038
PRO  46,46,14.1630
ASP  47,47,-66.7607
CYX  48,48,12.2094
LYS  49,49,-6.5730
THR  50,50,-20.2992
ILE  51,51,13.5606
LEU  52,52,-8.2476
LYS  53,53,-3.6330
ALA  54,54,4.1661
LEU  55,55,-11.1973
GLY  56,56,8.0976
PRO  57,57,17.3162
GLY  58,58,-2.8316
ALA  59,59,6.0452
THR  60,60,-13.9501
LEU  61,61,-11.7852
GLU  62,62,-64.6903
GLU  63,63,-60.2652
MET  64,64,4.7355
MET  65,65,3.8804
THR  66,66,-18.2927
ALA  67,67,6.8070
CYX  68,68,8.9870
GLN  69,69,-52.8976
GLY  70,70,5.8648
VAL  71,71,-99.4842
PRO   1,1,-0.0636
ILE   2,2,0.0001
VAL   3,3,-0.0004
GLN   4,4,0.0005
ASN   5,5,-0.0004
LEU   6,6,-0.0005
GLN   7,7,-0.0004
GLY   8,8,-0.0001
GLN   9,9,0.0006
MET  10,10,-0.0005
VAL  11,11,0.0006
HID  12,12,-0.0014
GLN  13,13,-0.0005
ALA  14,14,0.0007
ILE  15,15,-0.0020
SER  16,16,-0.0053
PRO  17,17,-0.0083
ARG  18,18,-0.0761
THR  19,19,-0.0069
LEU  20,20,-0.0234
ASN  21,21,-0.0456
ALA  22,22,-0.0166
TRP  23,23,-0.0394
VAL  24,24,-0.0848
LYS  25,25,-0.0662
VAL  26,26,-0.0470
VAL  27,27,-0.0865
GLU  28,28,7.2685
GLU  29,29,2.1993
LYS  30,30,-0.1016
ALA  31,31,-0.3753
PHE  32,32,-1.2164
SER  33,33,-0.0990
PRO  34,34,-0.0267
GLU  35,35,0.0338
VAL  36,36,-0.0379
ILE  37,37,-0.0090
PRO  38,38,-0.0043
MET  39,39,-0.0107
PHE  40,40,-0.0073
SER  41,41,-0.0023
ALA  42,42,-0.0010
LEU  43,43,-0.0036
SER  44,44,-0.0015
GLU  45,45,0.0552
GLY  46,46,0.0007
ALA  47,47,-0.0007
THR  48,48,-0.0015
PRO  49,49,-0.0015
GLN  50,50,-0.0024
ASP  51,51,0.0552
LEU  52,52,-0.0021
ASN  53,53,-0.0057
THR  54,54,-0.0088
MET  55,55,-0.0174
LEU  56,56,-0.0119
ASN  57,57,-0.0164
THR  58,58,-0.0437
VAL  59,59,-0.0515
ALA  60,60,-0.0200
PRO  61,61,-0.0995
HID  62,62,-0.0077
GLN  63,63,0.0006
ALA  64,64,-0.0749
ALA  65,65,-0.0375
ALA  66,66,-0.0078
GLN  67,67,-0.0256
MET  68,68,-0.0319
LEU  69,69,-0.0110
LYS  70,70,-0.0514
GLU  71,71,0.0844
THR  72,72,-0.0037
ILE  73,73,-0.0023
ASN  74,74,-0.0048
GLU  75,75,0.0789
GLU  76,76,0.0666
ALA  77,77,-0.0014
ALA  78,78,-0.0011
GLU  79,79,0.0652
TRP  80,80,-0.0003
ASP  81,81,0.0525
ARG  82,82,-0.0656
LEU  83,83,-0.0005
HID  84,84,-0.0006
PRO  85,85,-0.0001
VAL  86,86,-0.0001
HID  87,87,0.0002
ALA  88,88,0.0003
GLY  89,89,0.0007
PRO  90,90,0.0003
ILE  91,91,-0.0007
ALA  92,92,0.0006
PRO  93,93,0.0004
GLY  94,94,0.0003
GLN  95,95,-0.0013
MET  96,96,0.0003
ARG  97,97,-0.0535
GLU  98,98,0.0553
PRO  99,99,-0.0004
ARG 100,100,-0.0514
GLY 101,101,-0.0002
SER 102,102,-0.0001
ASP 103,103,0.0508
ILE 104,104,-0.0005
ALA 105,105,-0.0015
GLY 106,106,-0.0007
THR 107,107,-0.0006
THR 108,108,-0.0001
SER 109,109,-0.0007
THR 110,110,0.0007
LEU 111,111,0.0006
GLN 112,112,0.0003
GLU 113,113,0.0539
GLN 114,114,-0.0001
ILE 115,115,-0.0003
GLY 116,116,-0.0001
TRP 117,117,-0.0009
MET 118,118,-0.0005
THR 119,119,-0.0005
HID 120,120,-0.0001
ASN 121,121,-0.0001
PRO 122,122,-0.0002
PRO 123,123,0.0003
ILE 124,124,-0.0002
PRO 125,125,-0.0002
VAL 126,126,-0.0004
GLY 127,127,-0.0001
GLU 128,128,0.0506
ILE 129,129,0.0000
TYR 130,130,0.0004
LYS 131,131,-0.0512
ARG 132,132,-0.0601
TRP 133,133,0.0026
ILE 134,134,0.0032
ILE 135,135,0.0043
LEU 136,136,0.0034
GLY 137,137,0.0090
LEU 138,138,0.0091
ASN 139,139,0.0104
LYS 140,140,-0.1078
ILE 141,141,0.0282
VAL 142,142,-0.0089
ARG 143,143,-0.1485
MET 144,144,0.0288
TYR 145,145,-0.4004
SER 146,146,0.0254
PRO 147,147,-0.3108
THR 148,148,-2.6782
SER 149,149,-1.5738
ILE 150,150,-11.5512
LEU 151,151,-5.4826
ASP 152,152,0.3768
ILE 153,153,-1.9956
ARG 154,154,-0.1716
GLN 155,155,-0.0051
GLY 156,156,0.0018
PRO 157,157,-0.0064
LYS 158,158,-0.0280
GLU 159,159,0.0565
PRO 160,160,0.0082
PHE 161,161,0.0146
ARG 162,162,-0.0051
ASP 163,163,-0.0095
TYR 164,164,0.0307
VAL 165,165,0.0031
ASP 166,166,0.1089
ARG 167,167,-0.5203
PHE 168,168,-1.1902
TYR 169,169,-0.2256
LYS 170,170,-4.2436
THR 171,171,-2.0490
LEU 172,172,-1.2957
ARG 173,173,-9.1398
ALA 174,174,-0.7028
GLU 175,175,5.6526
GLN 176,176,-0.7386
ALA 177,177,-0.1090
SER 178,178,-0.0536
GLN 179,179,-0.0424
GLU 180,180,0.0788
VAL 181,181,-0.0585
LYS 182,182,-0.1891
ASN 183,183,-0.0073
TRP 184,184,-0.0317
MET 185,185,-0.4718
THR 186,186,-0.0043
GLU 187,187,0.0459
THR 188,188,-0.0281
LEU 189,189,-0.6882
LEU 190,190,-0.0330
VAL 191,191,0.0059
GLN 192,192,-0.0784
ASN 193,193,-0.8254
ALA 194,194,-0.0091
ASN 195,195,0.0084
PRO 196,196,0.0019
ASP 197,197,0.0454
CYX 198,198,-0.0012
LYS 199,199,-0.0762
THR 200,200,-0.0012
ILE 201,201,-0.0019
LEU 202,202,-0.0074
LYS 203,203,-0.0564
ALA 204,204,-0.0026
LEU 205,205,-0.0041
GLY 206,206,0.0000
PRO 207,207,-0.0025
GLY 208,208,-0.0034
ALA 209,209,-0.0001
THR 210,210,0.0018
LEU 211,211,-0.0067
GLU 212,212,-0.0035
GLU 213,213,0.0154
MET 214,214,-0.0037
MET 215,215,-0.0023
THR 216,216,-0.0047
ALA 217,217,-0.0040
CYX 218,218,-0.0063
GLN 219,219,-0.0001
GLY 220,220,-0.0052
VAL 221,221,-0.0113
