Residue Name,Residue Number,Binding Free Energy (kcal/mol)
PRO   1,1,-1.5214
ILE   2,2,13.0221
VAL   3,3,-9.3128
GLN   4,4,-53.9539
ASN   5,5,-66.3856
LEU   6,6,-6.4123
GLN   7,7,-53.7154
GLY   8,8,-2.9020
GLN   9,9,-54.0683
MET  10,10,8.5147
VAL  11,11,-10.4488
HID  12,12,16.2735
GLN  13,13,-55.6754
ALA  14,14,7.8694
ILE  15,15,10.8728
SER  16,16,7.1501
PRO  17,17,23.1956
ARG  18,18,-162.5782
THR  19,19,-21.5494
LEU  20,20,-12.3176
ASN  21,21,-71.3489
ALA  22,22,6.4105
TRP  23,23,17.0803
VAL  24,24,-3.7081
LYS  25,25,-5.5659
VAL  26,26,-13.6761
VAL  27,27,-13.5831
GLU  28,28,-58.7015
GLU  29,29,-51.6503
LYS  30,30,-6.0246
ALA  31,31,4.8962
PHE  32,32,13.9920
SER  33,33,10.0318
PRO  34,34,13.3955
GLU  35,35,-59.4238
VAL  36,36,-10.0007
ILE  37,37,20.2613
PRO  38,38,15.2364
MET  39,39,8.1076
PHE  40,40,4.8249
SER  41,41,0.3687
ALA  42,42,9.4765
LEU  43,43,-11.0430
SER  44,44,-8.3929
GLU  45,45,-59.5964
GLY  46,46,-2.9889
ALA  47,47,5.1158
THR  48,48,-8.5226
PRO  49,49,10.9092
GLN  50,50,-59.0760
ASP  51,51,-60.6633
LEU  52,52,-17.2263
ASN  53,53,-75.5999
THR  54,54,-20.8586
MET  55,55,5.1682
LEU  56,56,-12.4504
ASN  57,57,-71.3790
THR  58,58,-15.5689
VAL  59,59,-10.7750
ALA  60,60,18.5182
PRO  61,61,16.4003
HID  62,62,15.6800
GLN  63,63,-50.5098
ALA  64,64,6.8202
ALA  65,65,6.1568
ALA  66,66,7.4286
GLN  67,67,-52.8496
MET  68,68,6.5745
LEU  69,69,-6.3060
LYS  70,70,-6.6693
GLU  71,71,-66.4625
THR  72,72,-19.3343
ILE  73,73,8.7142
ASN  74,74,-72.4248
GLU  75,75,-59.2458
GLU  76,76,-61.5291
ALA  77,77,4.1654
ALA  78,78,4.0589
GLU  79,79,-59.8151
TRP  80,80,11.1579
ASP  81,81,-48.9617
ARG  82,82,-173.2989
LEU  83,83,-13.8542
HID  84,84,22.0405
PRO  85,85,18.1793
VAL  86,86,-7.3276
HID  87,87,16.5813
ALA  88,88,9.3972
GLY  89,89,10.1812
PRO  90,90,19.2510
ILE  91,91,11.8913
ALA  92,92,19.0995
PRO  93,93,18.7059
GLY  94,94,-1.9918
GLN  95,95,-51.9892
MET  96,96,15.2625
ARG  97,97,-188.3033
GLU  98,98,-50.0878
PRO  99,99,19.5716
ARG 100,100,-179.1354
GLY 101,101,-9.7179
SER 102,102,-3.0217
ASP 103,103,-51.8247
ILE 104,104,7.8919
ALA 105,105,1.8758
GLY 106,106,-5.1574
THR 107,107,-17.2805
THR 108,108,-15.4186
SER 109,109,1.0935
THR 110,110,-13.2552
LEU 111,111,-9.7264
GLN 112,112,-55.8917
GLU 113,113,-51.2791
GLN 114,114,-55.3453
ILE 115,115,5.4008
GLY 116,116,-4.7236
TRP 117,117,14.0086
MET 118,118,7.2015
THR 119,119,-18.5223
HID 120,120,15.0888
ASN 121,121,-54.7844
PRO 122,122,27.5358
PRO 123,123,14.7207
ILE 124,124,21.8875
PRO 125,125,20.2198
VAL 126,126,-9.0345
GLY 127,127,-7.5202
GLU 128,128,-56.9699
ILE 129,129,8.5141
TYR 130,130,-8.1710
LYS 131,131,-1.8236
ARG 132,132,-164.7655
TRP 133,133,12.1246
ILE 134,134,5.9511
ILE 135,135,9.0150
LEU 136,136,-12.7712
GLY 137,137,-4.1468
LEU 138,138,-14.6536
ASN 139,139,-65.1125
LYS 140,140,-1.9930
ILE 141,141,4.8115
VAL 142,142,-4.4823
ARG 143,143,-161.9869
MET 144,144,4.2813
TYR 145,145,-10.8537
SER 146,146,11.7099
PRO 147,147,16.9189
THR 148,148,-15.4388
SER 149,149,0.3762
ILE 150,150,13.2575
LEU 151,151,-11.1276
ASP 152,152,-64.2919
ILE 153,153,18.5552
ARG 154,154,-167.9049
GLN 155,155,-66.5154
GLY 156,156,7.4325
PRO 157,157,23.7857
LYS 158,158,-4.2103
GLU 159,159,-45.6942
PRO 160,160,15.7068
PHE 161,161,15.2327
ARG 162,162,-169.6181
ASP 163,163,-67.5437
TYR 164,164,-12.9586
VAL 165,165,-13.1184
ASP 166,166,-56.5875
ARG 167,167,-181.2107
PHE 168,168,0.6827
TYR 169,169,-3.4661
LYS 170,170,-11.2045
THR 171,171,-21.5550
LEU 172,172,-6.3992
ARG 173,173,-174.3561
ALA 174,174,-1.3796
GLU 175,175,-59.5876
GLN 176,176,-51.7604
ALA 177,177,6.2468
SER 178,178,-1.0072
GLN 179,179,-55.3857
GLU 180,180,-57.6906
VAL 181,181,-3.7767
LYS 182,182,-5.9371
ASN 183,183,-73.8021
TRP 184,184,18.5396
MET 185,185,3.8041
THR 186,186,-21.8847
GLU 187,187,-58.4781
THR 188,188,-14.3038
LEU 189,189,-8.5175
LEU 190,190,-15.6517
VAL 191,191,-10.7685
GLN 192,192,-55.1447
ASN 193,193,-73.8058
ALA 194,194,2.9733
ASN 195,195,-60.6406
PRO 196,196,13.3379
ASP 197,197,-65.9174
CYX 198,198,11.1960
LYS 199,199,-6.5839
THR 200,200,-21.4743
ILE 201,201,12.4686
LEU 202,202,-9.9662
LYS 203,203,-3.3663
ALA 204,204,4.7149
LEU 205,205,-10.5681
GLY 206,206,8.4348
PRO 207,207,17.0641
GLY 208,208,-2.7147
ALA 209,209,5.8276
THR 210,210,-15.1694
LEU 211,211,-12.4072
GLU 212,212,-64.6976
GLU 213,213,-60.2824
MET 214,214,6.1786
MET 215,215,6.9021
THR 216,216,-17.8773
ALA 217,217,5.9628
CYX 218,218,4.9951
GLN 219,219,-50.4991
GLY 220,220,5.6403
VAL 221,221,-97.6250
PRO   1,1,-1.4430
ILE   2,2,13.0221
VAL   3,3,-9.3126
GLN   4,4,-53.9544
ASN   5,5,-66.3851
LEU   6,6,-6.4119
GLN   7,7,-53.7152
GLY   8,8,-2.9018
GLN   9,9,-54.0691
MET  10,10,8.5144
VAL  11,11,-10.4486
HID  12,12,16.2747
GLN  13,13,-55.6746
ALA  14,14,7.8681
ILE  15,15,10.8750
SER  16,16,7.1607
PRO  17,17,23.2081
ARG  18,18,-162.5134
THR  19,19,-21.5291
LEU  20,20,-12.2776
ASN  21,21,-71.2091
ALA  22,22,6.5043
TRP  23,23,17.1710
VAL  24,24,-3.5155
LYS  25,25,-5.8681
VAL  26,26,-13.4478
VAL  27,27,-13.5607
GLU  28,28,-60.7602
GLU  29,29,-51.7624
LYS  30,30,-6.1037
ALA  31,31,4.9662
PHE  32,32,14.0796
SER  33,33,10.1226
PRO  34,34,13.4319
GLU  35,35,-59.6210
VAL  36,36,-9.9630
ILE  37,37,20.2800
PRO  38,38,15.2532
MET  39,39,8.1606
PHE  40,40,4.8324
SER  41,41,0.3733
ALA  42,42,9.4784
LEU  43,43,-11.0390
SER  44,44,-8.3936
GLU  45,45,-59.6708
GLY  46,46,-2.9899
ALA  47,47,5.1155
THR  48,48,-8.5192
PRO  49,49,10.9115
GLN  50,50,-59.0734
ASP  51,51,-60.7284
LEU  52,52,-17.2224
ASN  53,53,-75.5943
THR  54,54,-20.8527
MET  55,55,5.1768
LEU  56,56,-12.4409
ASN  57,57,-71.3737
THR  58,58,-15.5606
VAL  59,59,-10.7571
ALA  60,60,18.5228
PRO  61,61,16.4177
HID  62,62,15.7317
GLN  63,63,-50.4664
ALA  64,64,6.8285
ALA  65,65,6.1646
ALA  66,66,7.4331
GLN  67,67,-52.8459
MET  68,68,6.5764
LEU  69,69,-6.3036
LYS  70,70,-6.6278
GLU  71,71,-66.5089
THR  72,72,-19.3335
ILE  73,73,8.7148
ASN  74,74,-72.4240
GLU  75,75,-59.2942
GLU  76,76,-61.5882
ALA  77,77,4.1656
ALA  78,78,4.0592
GLU  79,79,-59.8658
TRP  80,80,11.1580
ASP  81,81,-49.0090
ARG  82,82,-173.2519
LEU  83,83,-13.8542
HID  84,84,22.0403
PRO  85,85,18.1795
VAL  86,86,-7.3275
HID  87,87,16.5809
ALA  88,88,9.3972
GLY  89,89,10.1807
PRO  90,90,19.2510
ILE  91,91,11.8917
ALA  92,92,19.0988
PRO  93,93,18.7055
GLY  94,94,-1.9925
GLN  95,95,-51.9891
MET  96,96,15.2635
ARG  97,97,-188.2440
GLU  98,98,-50.1412
PRO  99,99,19.5728
ARG 100,100,-179.0878
GLY 101,101,-9.7188
SER 102,102,-3.0223
ASP 103,103,-51.8803
ILE 104,104,7.8914
ALA 105,105,1.8764
GLY 106,106,-5.1577
THR 107,107,-17.2816
THR 108,108,-15.4181
SER 109,109,1.0928
THR 110,110,-13.2551
LEU 111,111,-9.7267
GLN 112,112,-55.8927
GLU 113,113,-51.3445
GLN 114,114,-55.3496
ILE 115,115,5.4011
GLY 116,116,-4.7232
TRP 117,117,14.0091
MET 118,118,7.2027
THR 119,119,-18.5221
HID 120,120,15.0887
ASN 121,121,-54.7840
PRO 122,122,27.5364
PRO 123,123,14.7214
ILE 124,124,21.8864
PRO 125,125,20.2206
VAL 126,126,-9.0326
GLY 127,127,-7.5181
GLU 128,128,-57.0406
ILE 129,129,8.5142
TYR 130,130,-8.1701
LYS 131,131,-1.7553
ARG 132,132,-164.6904
TRP 133,133,12.1256
ILE 134,134,5.9520
ILE 135,135,9.0153
LEU 136,136,-12.7720
GLY 137,137,-4.1470
LEU 138,138,-14.6499
ASN 139,139,-65.1166
LYS 140,140,-1.9219
ILE 141,141,4.8195
VAL 142,142,-4.4777
ARG 143,143,-161.8934
MET 144,144,4.2978
TYR 145,145,-10.7560
SER 146,146,11.7639
PRO 147,147,17.1424
THR 148,148,-14.6229
SER 149,149,2.8398
ILE 150,150,23.7513
LEU   1,1,-5.1608
ASP   2,2,-65.2604
ILE   3,3,20.7395
ARG   4,4,-167.6569
GLN   5,5,-66.5076
GLY   6,6,7.4322
PRO   7,7,23.7921
LYS   8,8,-4.1401
GLU   9,9,-45.8466
PRO  10,10,15.6961
PHE  11,11,15.2158
ARG  12,12,-169.5502
ASP  13,13,-67.6012
TYR  14,14,-13.0068
VAL  15,15,-13.1070
ASP  16,16,-56.6435
ARG  17,17,-180.5937
PHE  18,18,1.8003
TYR  19,19,-3.2447
LYS  20,20,-8.9349
THR  21,21,-20.2031
LEU  22,22,-5.2518
ARG  23,23,-162.9065
ALA  24,24,0.3868
GLU  25,25,-62.7380
GLN  26,26,-51.6191
ALA  27,27,6.3100
SER  28,28,-0.9866
GLN  29,29,-55.3709
GLU  30,30,-57.7268
VAL  31,31,-3.7288
LYS  32,32,-5.8372
ASN  33,33,-73.7985
TRP  34,34,18.5721
MET  35,35,4.2938
THR  36,36,-21.8853
GLU  37,37,-58.5039
THR  38,38,-14.2871
LEU  39,39,-7.7956
LEU  40,40,-15.6174
VAL  41,41,-10.7750
GLN  42,42,-55.0582
ASN  43,43,-73.1892
ALA  44,44,2.9835
ASN  45,45,-60.6473
PRO  46,46,13.3390
ASP  47,47,-65.9729
CYX  48,48,11.2004
LYS  49,49,-6.4973
THR  50,50,-21.4708
ILE  51,51,12.4736
LEU  52,52,-9.9557
LYS  53,53,-3.3185
ALA  54,54,4.7171
LEU  55,55,-10.5649
GLY  56,56,8.4358
PRO  57,57,17.0656
GLY  58,58,-2.7125
ALA  59,59,5.8278
THR  60,60,-15.1716
LEU  61,61,-12.4025
GLU  62,62,-64.6950
GLU  63,63,-60.2947
MET  64,64,6.1859
MET  65,65,6.9058
THR  66,66,-17.8766
ALA  67,67,5.9654
CYX  68,68,4.9964
GLN  69,69,-50.4977
GLY  70,70,5.6411
VAL  71,71,-97.6739
PRO   1,1,-0.0784
ILE   2,2,0.0000
VAL   3,3,-0.0002
GLN   4,4,0.0005
ASN   5,5,-0.0005
LEU   6,6,-0.0003
GLN   7,7,-0.0002
GLY   8,8,-0.0002
GLN   9,9,0.0008
MET  10,10,0.0004
VAL  11,11,-0.0002
HID  12,12,-0.0012
GLN  13,13,-0.0008
ALA  14,14,0.0013
ILE  15,15,-0.0022
SER  16,16,-0.0105
PRO  17,17,-0.0125
ARG  18,18,-0.0648
THR  19,19,-0.0202
LEU  20,20,-0.0400
ASN  21,21,-0.1398
ALA  22,22,-0.0938
TRP  23,23,-0.0907
VAL  24,24,-0.1926
LYS  25,25,0.3022
VAL  26,26,-0.2282
VAL  27,27,-0.0224
GLU  28,28,2.0587
GLU  29,29,0.1121
LYS  30,30,0.0791
ALA  31,31,-0.0701
PHE  32,32,-0.0876
SER  33,33,-0.0908
PRO  34,34,-0.0363
GLU  35,35,0.1972
VAL  36,36,-0.0377
ILE  37,37,-0.0187
PRO  38,38,-0.0168
MET  39,39,-0.0530
PHE  40,40,-0.0075
SER  41,41,-0.0046
ALA  42,42,-0.0018
LEU  43,43,-0.0041
SER  44,44,0.0006
GLU  45,45,0.0744
GLY  46,46,0.0010
ALA  47,47,0.0003
THR  48,48,-0.0034
PRO  49,49,-0.0024
GLN  50,50,-0.0026
ASP  51,51,0.0651
LEU  52,52,-0.0040
ASN  53,53,-0.0056
THR  54,54,-0.0059
MET  55,55,-0.0086
LEU  56,56,-0.0096
ASN  57,57,-0.0053
THR  58,58,-0.0083
VAL  59,59,-0.0180
ALA  60,60,-0.0046
PRO  61,61,-0.0174
HID  62,62,-0.0518
GLN  63,63,-0.0434
ALA  64,64,-0.0083
ALA  65,65,-0.0078
ALA  66,66,-0.0045
GLN  67,67,-0.0037
MET  68,68,-0.0020
LEU  69,69,-0.0024
LYS  70,70,-0.0416
GLU  71,71,0.0464
THR  72,72,-0.0007
ILE  73,73,-0.0006
ASN  74,74,-0.0008
GLU  75,75,0.0484
GLU  76,76,0.0592
ALA  77,77,-0.0002
ALA  78,78,-0.0003
GLU  79,79,0.0507
TRP  80,80,-0.0001
ASP  81,81,0.0473
ARG  82,82,-0.0470
LEU  83,83,0.0000
HID  84,84,0.0002
PRO  85,85,-0.0002
VAL  86,86,-0.0001
HID  87,87,0.0005
ALA  88,88,-0.0000
GLY  89,89,0.0004
PRO  90,90,-0.0001
ILE  91,91,-0.0004
ALA  92,92,0.0007
PRO  93,93,0.0004
GLY  94,94,0.0007
GLN  95,95,-0.0001
MET  96,96,-0.0011
ARG  97,97,-0.0593
GLU  98,98,0.0534
PRO  99,99,-0.0013
ARG 100,100,-0.0476
GLY 101,101,0.0009
SER 102,102,0.0006
ASP 103,103,0.0556
ILE 104,104,0.0005
ALA 105,105,-0.0006
GLY 106,106,0.0004
THR 107,107,0.0010
THR 108,108,-0.0005
SER 109,109,0.0007
THR 110,110,-0.0001
LEU 111,111,0.0002
GLN 112,112,0.0010
GLU 113,113,0.0654
GLN 114,114,0.0044
ILE 115,115,-0.0003
GLY 116,116,-0.0004
TRP 117,117,-0.0005
MET 118,118,-0.0012
THR 119,119,-0.0003
HID 120,120,0.0002
ASN 121,121,-0.0005
PRO 122,122,-0.0007
PRO 123,123,-0.0007
ILE 124,124,0.0011
PRO 125,125,-0.0008
VAL 126,126,-0.0018
GLY 127,127,-0.0021
GLU 128,128,0.0707
ILE 129,129,-0.0001
TYR 130,130,-0.0009
LYS 131,131,-0.0683
ARG 132,132,-0.0751
TRP 133,133,-0.0010
ILE 134,134,-0.0008
ILE 135,135,-0.0003
LEU 136,136,0.0007
GLY 137,137,0.0002
LEU 138,138,-0.0037
ASN 139,139,0.0041
LYS 140,140,-0.0711
ILE 141,141,-0.0081
VAL 142,142,-0.0046
ARG 143,143,-0.0935
MET 144,144,-0.0165
TYR 145,145,-0.0977
SER 146,146,-0.0541
PRO 147,147,-0.2235
THR 148,148,-0.8159
SER 149,149,-2.4636
ILE 150,150,-10.4938
LEU 151,151,-5.9669
ASP 152,152,0.9685
ILE 153,153,-2.1843
ARG 154,154,-0.2480
GLN 155,155,-0.0078
GLY 156,156,0.0003
PRO 157,157,-0.0064
LYS 158,158,-0.0701
GLU 159,159,0.1524
PRO 160,160,0.0107
PHE 161,161,0.0169
ARG 162,162,-0.0679
ASP 163,163,0.0575
TYR 164,164,0.0483
VAL 165,165,-0.0114
ASP 166,166,0.0559
ARG 167,167,-0.6170
PHE 168,168,-1.1176
TYR 169,169,-0.2215
LYS 170,170,-2.2696
THR 171,171,-1.3519
LEU 172,172,-1.1474
ARG 173,173,-11.4496
ALA 174,174,-1.7664
GLU 175,175,3.1504
GLN 176,176,-0.1413
ALA 177,177,-0.0632
SER 178,178,-0.0206
GLN 179,179,-0.0148
GLU 180,180,0.0363
VAL 181,181,-0.0479
LYS 182,182,-0.0999
ASN 183,183,-0.0036
TRP 184,184,-0.0325
MET 185,185,-0.4897
THR 186,186,0.0006
GLU 187,187,0.0257
THR 188,188,-0.0167
LEU 189,189,-0.7219
LEU 190,190,-0.0343
VAL 191,191,0.0066
GLN 192,192,-0.0864
ASN 193,193,-0.6166
ALA 194,194,-0.0102
ASN 195,195,0.0067
PRO 196,196,-0.0011
ASP 197,197,0.0555
CYX 198,198,-0.0044
LYS 199,199,-0.0866
THR 200,200,-0.0036
ILE 201,201,-0.0050
LEU 202,202,-0.0105
LYS 203,203,-0.0478
ALA 204,204,-0.0021
LEU 205,205,-0.0032
GLY 206,206,-0.0010
PRO 207,207,-0.0015
GLY 208,208,-0.0021
ALA 209,209,-0.0003
THR 210,210,0.0022
LEU 211,211,-0.0047
GLU 212,212,-0.0026
GLU 213,213,0.0122
MET 214,214,-0.0073
MET 215,215,-0.0037
THR 216,216,-0.0008
ALA 217,217,-0.0027
CYX 218,218,-0.0013
GLN 219,219,-0.0014
GLY 220,220,-0.0008
VAL 221,221,0.0489
