Residue Name,Residue Number,Binding Free Energy (kcal/mol)
PRO   1,1,-0.4224
ILE   2,2,13.6527
VAL   3,3,-7.7414
GLN   4,4,-53.8379
ASN   5,5,-66.2939
LEU   6,6,-5.4667
GLN   7,7,-54.2669
GLY   8,8,-3.4560
GLN   9,9,-53.2221
MET  10,10,10.2365
VAL  11,11,-9.1067
HID  12,12,16.1588
GLN  13,13,-54.1785
ALA  14,14,8.9492
ILE  15,15,11.3254
SER  16,16,7.7601
PRO  17,17,22.7007
ARG  18,18,-162.5941
THR  19,19,-20.8647
LEU  20,20,-13.0091
ASN  21,21,-71.4593
ALA  22,22,5.9248
TRP  23,23,17.0685
VAL  24,24,-3.1532
LYS  25,25,-3.5491
VAL  26,26,-13.4607
VAL  27,27,-14.0906
GLU  28,28,-61.0446
GLU  29,29,-52.5811
LYS  30,30,-5.7150
ALA  31,31,3.5932
PHE  32,32,15.4722
SER  33,33,10.1840
PRO  34,34,14.0607
GLU  35,35,-58.2143
VAL  36,36,-10.9682
ILE  37,37,19.5308
PRO  38,38,14.6244
MET  39,39,7.8671
PHE  40,40,4.5300
SER  41,41,-1.0701
ALA  42,42,9.2903
LEU  43,43,-11.4416
SER  44,44,-7.7641
GLU  45,45,-59.1395
GLY  46,46,-4.1128
ALA  47,47,4.4051
THR  48,48,-8.1069
PRO  49,49,10.5179
GLN  50,50,-58.1567
ASP  51,51,-62.2250
LEU  52,52,-16.0858
ASN  53,53,-75.4519
THR  54,54,-18.5638
MET  55,55,4.8583
LEU  56,56,-12.4414
ASN  57,57,-70.8129
THR  58,58,-15.0155
VAL  59,59,-9.3600
ALA  60,60,19.5351
PRO  61,61,16.3325
HID  62,62,16.4283
GLN  63,63,-51.3971
ALA  64,64,6.4066
ALA  65,65,5.7162
ALA  66,66,4.0974
GLN  67,67,-53.5266
MET  68,68,6.0709
LEU  69,69,-7.9960
LYS  70,70,-6.9609
GLU  71,71,-67.7014
THR  72,72,-19.9888
ILE  73,73,8.7886
ASN  74,74,-73.2599
GLU  75,75,-61.1581
GLU  76,76,-60.2289
ALA  77,77,3.5320
ALA  78,78,3.7570
GLU  79,79,-57.3980
TRP  80,80,10.4930
ASP  81,81,-50.8485
ARG  82,82,-170.2103
LEU  83,83,-14.6510
HID  84,84,23.9221
PRO  85,85,19.2455
VAL  86,86,-7.2593
HID  87,87,14.5636
ALA  88,88,9.1558
GLY  89,89,9.0354
PRO  90,90,18.8902
ILE  91,91,11.0285
ALA  92,92,18.5668
PRO  93,93,18.9586
GLY  94,94,-2.2308
GLN  95,95,-52.0533
MET  96,96,15.2654
ARG  97,97,-179.9074
GLU  98,98,-54.4386
PRO  99,99,18.6508
ARG 100,100,-172.9110
GLY 101,101,-10.0806
SER 102,102,-5.3951
ASP 103,103,-65.7345
ILE 104,104,8.0160
ALA 105,105,2.2233
GLY 106,106,-4.3506
THR 107,107,-17.5993
THR 108,108,-19.8300
SER 109,109,-3.6792
THR 110,110,-14.1657
LEU 111,111,-11.3013
GLN 112,112,-55.4633
GLU 113,113,-56.6239
GLN 114,114,-58.1064
ILE 115,115,5.6646
GLY 116,116,-3.6292
TRP 117,117,13.7170
MET 118,118,4.8628
THR 119,119,-19.3224
HID 120,120,15.8679
ASN 121,121,-54.2102
PRO 122,122,29.7320
PRO 123,123,15.4501
ILE 124,124,23.0398
PRO 125,125,17.6300
VAL 126,126,-10.6740
GLY 127,127,-6.1531
GLU 128,128,-56.3025
ILE 129,129,8.2020
TYR 130,130,-10.1925
LYS 131,131,-0.9615
ARG 132,132,-169.5441
TRP 133,133,10.4001
ILE 134,134,6.5077
ILE 135,135,8.4111
LEU 136,136,-13.2079
GLY 137,137,-4.4707
LEU 138,138,-15.2553
ASN 139,139,-66.6339
LYS 140,140,-4.3984
ILE 141,141,5.8712
VAL 142,142,-4.8241
ARG 143,143,-164.2444
MET 144,144,5.8003
TYR 145,145,-7.2436
SER 146,146,9.4666
PRO 147,147,15.1901
THR 148,148,-18.9795
SER 149,149,3.8987
ILE 150,150,12.1809
LEU 151,151,-12.3679
ASP 152,152,-65.0055
ILE 153,153,14.8495
ARG 154,154,-172.5861
GLN 155,155,-66.3509
GLY 156,156,7.2609
PRO 157,157,23.3371
LYS 158,158,-3.7700
GLU 159,159,-46.3422
PRO 160,160,15.9519
PHE 161,161,16.6010
ARG 162,162,-184.2855
ASP 163,163,-70.1878
TYR 164,164,-14.6722
VAL 165,165,-13.0947
ASP 166,166,-61.6879
ARG 167,167,-180.9598
PHE 168,168,-0.7123
TYR 169,169,-2.7895
LYS 170,170,-3.9219
THR 171,171,-22.0590
LEU 172,172,-6.4575
ARG 173,173,-171.9581
ALA 174,174,-2.6982
GLU 175,175,-59.4919
GLN 176,176,-53.8306
ALA 177,177,5.8296
SER 178,178,-1.0252
GLN 179,179,-55.3304
GLU 180,180,-58.3176
VAL 181,181,-4.5477
LYS 182,182,-6.3395
ASN 183,183,-74.9547
TRP 184,184,18.3755
MET 185,185,3.8858
THR 186,186,-20.6112
GLU 187,187,-59.1903
THR 188,188,-13.8441
LEU 189,189,-7.8871
LEU 190,190,-14.4532
VAL 191,191,-9.7349
GLN 192,192,-56.3541
ASN 193,193,-71.6268
ALA 194,194,2.7912
ASN 195,195,-61.6909
PRO 196,196,13.3041
ASP 197,197,-64.4719
CYX 198,198,10.8038
LYS 199,199,-6.4309
THR 200,200,-21.1011
ILE 201,201,11.8377
LEU 202,202,-9.0875
LYS 203,203,-3.1382
ALA 204,204,4.6946
LEU 205,205,-10.0834
GLY 206,206,7.8805
PRO 207,207,17.8195
GLY 208,208,-2.7340
ALA 209,209,5.4685
THR 210,210,-12.8894
LEU 211,211,-11.0089
GLU 212,212,-60.9764
GLU 213,213,-60.1795
MET 214,214,7.6863
MET 215,215,4.1141
THR 216,216,-19.0395
ALA 217,217,6.3261
CYX 218,218,6.9605
GLN 219,219,-50.6949
GLY 220,220,6.7838
VAL 221,221,-92.5390
PRO   1,1,-0.3501
ILE   2,2,13.6529
VAL   3,3,-7.7409
GLN   4,4,-53.8383
ASN   5,5,-66.2939
LEU   6,6,-5.4666
GLN   7,7,-54.2671
GLY   8,8,-3.4561
GLN   9,9,-53.2222
MET  10,10,10.2372
VAL  11,11,-9.1069
HID  12,12,16.1595
GLN  13,13,-54.1784
ALA  14,14,8.9489
ILE  15,15,11.3266
SER  16,16,7.7627
PRO  17,17,22.7039
ARG  18,18,-162.5162
THR  19,19,-20.8591
LEU  20,20,-12.9996
ASN  21,21,-71.4421
ALA  22,22,5.9441
TRP  23,23,17.1119
VAL  24,24,-3.1059
LYS  25,25,-3.4163
VAL  26,26,-13.3347
VAL  27,27,-13.9560
GLU  28,28,-62.8284
GLU  29,29,-54.7430
LYS  30,30,-4.8430
ALA  31,31,5.1379
PHE  32,32,15.7927
SER  33,33,10.8297
PRO  34,34,14.3159
GLU  35,35,-58.4881
VAL  36,36,-10.8756
ILE  37,37,19.5643
PRO  38,38,14.6532
MET  39,39,7.9287
PHE  40,40,4.5373
SER  41,41,-1.0650
ALA  42,42,9.2935
LEU  43,43,-11.4370
SER  44,44,-7.7629
GLU  45,45,-59.2194
GLY  46,46,-4.1124
ALA  47,47,4.4059
THR  48,48,-8.1066
PRO  49,49,10.5182
GLN  50,50,-58.1563
ASP  51,51,-62.2945
LEU  52,52,-16.0863
ASN  53,53,-75.4503
THR  54,54,-18.5608
MET  55,55,4.8647
LEU  56,56,-12.4350
ASN  57,57,-70.8095
THR  58,58,-15.0060
VAL  59,59,-9.3387
ALA  60,60,19.5414
PRO  61,61,16.3460
HID  62,62,16.4434
GLN  63,63,-51.3877
ALA  64,64,6.3921
ALA  65,65,5.7052
ALA  66,66,4.0958
GLN  67,67,-53.5297
MET  68,68,6.0628
LEU  69,69,-7.9945
LYS  70,70,-6.9054
GLU  71,71,-67.7540
THR  72,72,-19.9892
ILE  73,73,8.7895
ASN  74,74,-73.2599
GLU  75,75,-61.2177
GLU  76,76,-60.2944
ALA  77,77,3.5320
ALA  78,78,3.7571
GLU  79,79,-57.4612
TRP  80,80,10.4925
ASP  81,81,-50.9048
ARG  82,82,-170.1501
LEU  83,83,-14.6507
HID  84,84,23.9222
PRO  85,85,19.2452
VAL  86,86,-7.2591
HID  87,87,14.5637
ALA  88,88,9.1556
GLY  89,89,9.0348
PRO  90,90,18.8901
ILE  91,91,11.0293
ALA  92,92,18.5660
PRO  93,93,18.9583
GLY  94,94,-2.2311
GLN  95,95,-52.0531
MET  96,96,15.2656
ARG  97,97,-179.8468
GLU  98,98,-54.4995
PRO  99,99,18.6517
ARG 100,100,-172.8546
GLY 101,101,-10.0814
SER 102,102,-5.3952
ASP 103,103,-65.7949
ILE 104,104,8.0156
ALA 105,105,2.2234
GLY 106,106,-4.3510
THR 107,107,-17.5995
THR 108,108,-19.8295
SER 109,109,-3.6797
THR 110,110,-14.1655
LEU 111,111,-11.3011
GLN 112,112,-55.4640
GLU 113,113,-56.6888
GLN 114,114,-58.1067
ILE 115,115,5.6647
GLY 116,116,-3.6291
TRP 117,117,13.7173
MET 118,118,4.8629
THR 119,119,-19.3218
HID 120,120,15.8677
ASN 121,121,-54.2100
PRO 122,122,29.7322
PRO 123,123,15.4506
ILE 124,124,23.0396
PRO 125,125,17.6302
VAL 126,126,-10.6736
GLY 127,127,-6.1531
GLU 128,128,-56.3769
ILE 129,129,8.2021
TYR 130,130,-10.1920
LYS 131,131,-0.8834
ARG 132,132,-169.4695
TRP 133,133,10.4016
ILE 134,134,6.5129
ILE 135,135,8.4148
LEU 136,136,-13.2059
GLY 137,137,-4.4626
LEU 138,138,-15.2370
ASN 139,139,-66.6305
LYS 140,140,-4.3293
ILE 141,141,5.9128
VAL 142,142,-4.7740
ARG 143,143,-164.1043
MET 144,144,5.7990
TYR 145,145,-6.9037
SER 146,146,9.6780
PRO 147,147,16.1421
THR 148,148,-17.5489
SER 149,149,5.9722
ILE 150,150,23.4625
LEU   1,1,-7.1302
ASP   2,2,-64.9558
ILE   3,3,16.7903
ARG   4,4,-171.8185
GLN   5,5,-66.3466
GLY   6,6,7.2639
PRO   7,7,23.3436
LYS   8,8,-3.7405
GLU   9,9,-46.2593
PRO  10,10,15.9623
PHE  11,11,16.6126
ARG  12,12,-184.2643
ASP  13,13,-70.1237
TYR  14,14,-14.5841
VAL  15,15,-13.0190
ASP  16,16,-61.5563
ARG  17,17,-181.0077
PHE  18,18,0.6434
TYR  19,19,-2.5137
LYS  20,20,-4.2756
THR  21,21,-20.1153
LEU  22,22,-5.2841
ARG  23,23,-163.0171
ALA  24,24,0.0453
GLU  25,25,-62.6319
GLN  26,26,-52.0158
ALA  27,27,5.9315
SER  28,28,-0.9775
GLN  29,29,-55.3037
GLU  30,30,-58.2996
VAL  31,31,-4.4557
LYS  32,32,-6.1138
ASN  33,33,-74.9453
TRP  34,34,18.4109
MET  35,35,4.4504
THR  36,36,-20.5953
GLU  37,37,-59.1966
THR  38,38,-13.8208
LEU  39,39,-7.1139
LEU  40,40,-14.4378
VAL  41,41,-9.7351
GLN  42,42,-56.2672
ASN  43,43,-70.6268
ALA  44,44,2.7970
ASN  45,45,-61.6927
PRO  46,46,13.3056
ASP  47,47,-64.4980
CYX  48,48,10.8081
LYS  49,49,-6.3793
THR  50,50,-21.0992
ILE  51,51,11.8410
LEU  52,52,-9.0808
LYS  53,53,-3.1149
ALA  54,54,4.6959
LEU  55,55,-10.0813
GLY  56,56,7.8820
PRO  57,57,17.8221
GLY  58,58,-2.7325
ALA  59,59,5.4678
THR  60,60,-12.8869
LEU  61,61,-10.9990
GLU  62,62,-60.9826
GLU  63,63,-60.1699
MET  64,64,7.6885
MET  65,65,4.1227
THR  66,66,-19.0376
ALA  67,67,6.3265
CYX  68,68,6.9621
GLN  69,69,-50.6937
GLY  70,70,6.7858
VAL  71,71,-92.5358
PRO   1,1,-0.0723
ILE   2,2,-0.0002
VAL   3,3,-0.0005
GLN   4,4,0.0004
ASN   5,5,-0.0000
LEU   6,6,-0.0002
GLN   7,7,0.0002
GLY   8,8,0.0001
GLN   9,9,0.0001
MET  10,10,-0.0007
VAL  11,11,0.0001
HID  12,12,-0.0007
GLN  13,13,-0.0001
ALA  14,14,0.0003
ILE  15,15,-0.0012
SER  16,16,-0.0026
PRO  17,17,-0.0032
ARG  18,18,-0.0779
THR  19,19,-0.0056
LEU  20,20,-0.0095
ASN  21,21,-0.0172
ALA  22,22,-0.0193
TRP  23,23,-0.0434
VAL  24,24,-0.0473
LYS  25,25,-0.1328
VAL  26,26,-0.1260
VAL  27,27,-0.1346
GLU  28,28,1.7838
GLU  29,29,2.1619
LYS  30,30,-0.8720
ALA  31,31,-1.5447
PHE  32,32,-0.3205
SER  33,33,-0.6457
PRO  34,34,-0.2551
GLU  35,35,0.2738
VAL  36,36,-0.0925
ILE  37,37,-0.0334
PRO  38,38,-0.0288
MET  39,39,-0.0616
PHE  40,40,-0.0073
SER  41,41,-0.0051
ALA  42,42,-0.0032
LEU  43,43,-0.0046
SER  44,44,-0.0012
GLU  45,45,0.0800
GLY  46,46,-0.0004
ALA  47,47,-0.0008
THR  48,48,-0.0002
PRO  49,49,-0.0003
GLN  50,50,-0.0005
ASP  51,51,0.0695
LEU  52,52,0.0006
ASN  53,53,-0.0016
THR  54,54,-0.0030
MET  55,55,-0.0064
LEU  56,56,-0.0064
ASN  57,57,-0.0034
THR  58,58,-0.0095
VAL  59,59,-0.0214
ALA  60,60,-0.0063
PRO  61,61,-0.0135
HID  62,62,-0.0150
GLN  63,63,-0.0095
ALA  64,64,0.0144
ALA  65,65,0.0110
ALA  66,66,0.0016
GLN  67,67,0.0031
MET  68,68,0.0081
LEU  69,69,-0.0015
LYS  70,70,-0.0555
GLU  71,71,0.0526
THR  72,72,0.0004
ILE  73,73,-0.0009
ASN  74,74,0.0000
GLU  75,75,0.0595
GLU  76,76,0.0655
ALA  77,77,-0.0000
ALA  78,78,-0.0001
GLU  79,79,0.0632
TRP  80,80,0.0004
ASP  81,81,0.0563
ARG  82,82,-0.0602
LEU  83,83,-0.0002
HID  84,84,-0.0001
PRO  85,85,0.0003
VAL  86,86,-0.0002
HID  87,87,-0.0001
ALA  88,88,0.0002
GLY  89,89,0.0005
PRO  90,90,0.0001
ILE  91,91,-0.0007
ALA  92,92,0.0008
PRO  93,93,0.0004
GLY  94,94,0.0003
GLN  95,95,-0.0002
MET  96,96,-0.0002
ARG  97,97,-0.0606
GLU  98,98,0.0609
PRO  99,99,-0.0009
ARG 100,100,-0.0564
GLY 101,101,0.0009
SER 102,102,0.0001
ASP 103,103,0.0604
ILE 104,104,0.0004
ALA 105,105,-0.0000
GLY 106,106,0.0004
THR 107,107,0.0002
THR 108,108,-0.0006
SER 109,109,0.0005
THR 110,110,-0.0001
LEU 111,111,-0.0002
GLN 112,112,0.0007
GLU 113,113,0.0649
GLN 114,114,0.0004
ILE 115,115,-0.0001
GLY 116,116,-0.0001
TRP 117,117,-0.0003
MET 118,118,-0.0001
THR 119,119,-0.0006
HID 120,120,0.0002
ASN 121,121,-0.0002
PRO 122,122,-0.0002
PRO 123,123,-0.0005
ILE 124,124,0.0002
PRO 125,125,-0.0003
VAL 126,126,-0.0003
GLY 127,127,-0.0001
GLU 128,128,0.0744
ILE 129,129,-0.0000
TYR 130,130,-0.0005
LYS 131,131,-0.0781
ARG 132,132,-0.0745
TRP 133,133,-0.0015
ILE 134,134,-0.0052
ILE 135,135,-0.0037
LEU 136,136,-0.0020
GLY 137,137,-0.0081
LEU 138,138,-0.0184
ASN 139,139,-0.0034
LYS 140,140,-0.0691
ILE 141,141,-0.0416
VAL 142,142,-0.0501
ARG 143,143,-0.1402
MET 144,144,0.0013
TYR 145,145,-0.3399
SER 146,146,-0.2114
PRO 147,147,-0.9520
THR 148,148,-1.4306
SER 149,149,-2.0735
ILE 150,150,-11.2816
LEU 151,151,-5.2377
ASP 152,152,-0.0497
ILE 153,153,-1.9408
ARG 154,154,-0.7676
GLN 155,155,-0.0043
GLY 156,156,-0.0030
PRO 157,157,-0.0065
LYS 158,158,-0.0295
GLU 159,159,-0.0829
PRO 160,160,-0.0103
PHE 161,161,-0.0116
ARG 162,162,-0.0212
ASP 163,163,-0.0641
TYR 164,164,-0.0881
VAL 165,165,-0.0756
ASP 166,166,-0.1316
ARG 167,167,0.0479
PHE 168,168,-1.3556
TYR 169,169,-0.2758
LYS 170,170,0.3537
THR 171,171,-1.9438
LEU 172,172,-1.1734
ARG 173,173,-8.9410
ALA 174,174,-2.7435
GLU 175,175,3.1400
GLN 176,176,-1.8148
ALA 177,177,-0.1019
SER 178,178,-0.0477
GLN 179,179,-0.0267
GLU 180,180,-0.0180
VAL 181,181,-0.0920
LYS 182,182,-0.2257
ASN 183,183,-0.0094
TRP 184,184,-0.0354
MET 185,185,-0.5645
THR 186,186,-0.0159
GLU 187,187,0.0063
THR 188,188,-0.0234
LEU 189,189,-0.7732
LEU 190,190,-0.0154
VAL 191,191,0.0001
GLN 192,192,-0.0869
ASN 193,193,-1.0000
ALA 194,194,-0.0057
ASN 195,195,0.0018
PRO 196,196,-0.0014
ASP 197,197,0.0262
CYX 198,198,-0.0044
LYS 199,199,-0.0516
THR 200,200,-0.0019
ILE 201,201,-0.0033
LEU 202,202,-0.0066
LYS 203,203,-0.0234
ALA 204,204,-0.0012
LEU 205,205,-0.0021
GLY 206,206,-0.0015
PRO 207,207,-0.0026
GLY 208,208,-0.0015
ALA 209,209,0.0008
THR 210,210,-0.0025
LEU 211,211,-0.0100
GLU 212,212,0.0062
GLU 213,213,-0.0096
MET 214,214,-0.0022
MET 215,215,-0.0086
THR 216,216,-0.0018
ALA 217,217,-0.0004
CYX 218,218,-0.0016
GLN 219,219,-0.0012
GLY 220,220,-0.0020
VAL 221,221,-0.0032
