Residue Name,Residue Number,Binding Free Energy (kcal/mol)
PRO   1,1,-3.2589
ILE   2,2,13.2074
VAL   3,3,-10.5083
GLN   4,4,-51.4213
ASN   5,5,-68.4110
LEU   6,6,-6.6736
GLN   7,7,-52.4161
GLY   8,8,-1.4549
GLN   9,9,-51.5954
MET  10,10,11.2237
VAL  11,11,-9.9520
HID  12,12,16.3911
GLN  13,13,-54.1191
ALA  14,14,8.3002
ILE  15,15,11.6014
SER  16,16,8.0554
PRO  17,17,24.2572
ARG  18,18,-163.1357
THR  19,19,-20.8014
LEU  20,20,-11.5331
ASN  21,21,-71.2175
ALA  22,22,5.1657
TRP  23,23,15.3432
VAL  24,24,-2.8068
LYS  25,25,-5.1844
VAL  26,26,-13.0518
VAL  27,27,-13.5107
GLU  28,28,-62.1253
GLU  29,29,-52.2084
LYS  30,30,-2.9610
ALA  31,31,4.8755
PHE  32,32,15.3487
SER  33,33,11.2623
PRO  34,34,12.2783
GLU  35,35,-57.7983
VAL  36,36,-10.5403
ILE  37,37,20.0345
PRO  38,38,15.9499
MET  39,39,8.3243
PHE  40,40,5.6057
SER  41,41,0.6940
ALA  42,42,8.9061
LEU  43,43,-11.3633
SER  44,44,-8.4051
GLU  45,45,-58.6760
GLY  46,46,-2.2071
ALA  47,47,5.0776
THR  48,48,-6.5969
PRO  49,49,12.0752
GLN  50,50,-57.8926
ASP  51,51,-56.4342
LEU  52,52,-15.6742
ASN  53,53,-74.5073
THR  54,54,-17.9726
MET  55,55,4.8161
LEU  56,56,-12.9809
ASN  57,57,-70.6470
THR  58,58,-14.7775
VAL  59,59,-9.3656
ALA  60,60,19.1821
PRO  61,61,15.7010
HID  62,62,16.0392
GLN  63,63,-51.8785
ALA  64,64,6.8848
ALA  65,65,5.1430
ALA  66,66,3.6454
GLN  67,67,-53.2827
MET  68,68,6.4232
LEU  69,69,-6.8417
LYS  70,70,-7.1730
GLU  71,71,-66.4078
THR  72,72,-18.1502
ILE  73,73,9.4832
ASN  74,74,-72.9901
GLU  75,75,-59.5090
GLU  76,76,-60.0311
ALA  77,77,3.6261
ALA  78,78,3.5200
GLU  79,79,-60.2353
TRP  80,80,11.4665
ASP  81,81,-54.1885
ARG  82,82,-170.8134
LEU  83,83,-15.0728
HID  84,84,21.9177
PRO  85,85,19.3487
VAL  86,86,-7.8091
HID  87,87,16.9617
ALA  88,88,8.8417
GLY  89,89,10.4200
PRO  90,90,18.7237
ILE  91,91,12.4807
ALA  92,92,19.1301
PRO  93,93,18.5687
GLY  94,94,-1.5455
GLN  95,95,-51.9318
MET  96,96,15.3321
ARG  97,97,-184.8176
GLU  98,98,-49.3206
PRO  99,99,18.9486
ARG 100,100,-177.4233
GLY 101,101,-8.7709
SER 102,102,-4.6228
ASP 103,103,-54.6650
ILE 104,104,8.1046
ALA 105,105,2.5816
GLY 106,106,-4.7241
THR 107,107,-15.3764
THR 108,108,-18.2998
SER 109,109,-2.8980
THR 110,110,-13.1774
LEU 111,111,-9.4529
GLN 112,112,-56.3286
GLU 113,113,-55.9716
GLN 114,114,-49.9517
ILE 115,115,6.3364
GLY 116,116,-3.4442
TRP 117,117,13.7986
MET 118,118,5.2076
THR 119,119,-19.4851
HID 120,120,14.4814
ASN 121,121,-55.2457
PRO 122,122,26.9996
PRO 123,123,15.1412
ILE 124,124,23.1825
PRO 125,125,19.5515
VAL 126,126,-9.6212
GLY 127,127,-6.5582
GLU 128,128,-56.6212
ILE 129,129,8.9485
TYR 130,130,-8.4872
LYS 131,131,-1.0704
ARG 132,132,-165.5167
TRP 133,133,11.9617
ILE 134,134,6.5190
ILE 135,135,8.9169
LEU 136,136,-12.5427
GLY 137,137,-4.5211
LEU 138,138,-15.1337
ASN 139,139,-64.2940
LYS 140,140,-4.5085
ILE 141,141,3.3896
VAL 142,142,-6.4176
ARG 143,143,-173.7379
MET 144,144,2.6340
TYR 145,145,-9.6763
SER 146,146,11.7224
PRO 147,147,18.0994
THR 148,148,-15.8275
SER 149,149,0.5164
ILE 150,150,13.7661
LEU 151,151,-12.5958
ASP 152,152,-65.2765
ILE 153,153,14.7957
ARG 154,154,-173.5206
GLN 155,155,-65.9141
GLY 156,156,7.5803
PRO 157,157,23.5536
LYS 158,158,-3.7952
GLU 159,159,-47.0258
PRO 160,160,15.3015
PHE 161,161,16.4442
ARG 162,162,-173.7520
ASP 163,163,-69.9929
TYR 164,164,-13.9096
VAL 165,165,-12.3984
ASP 166,166,-59.7444
ARG 167,167,-181.0938
PHE 168,168,-0.0023
TYR 169,169,-3.0482
LYS 170,170,-7.2800
THR 171,171,-21.6084
LEU 172,172,-5.8036
ARG 173,173,-170.3147
ALA 174,174,-1.0651
GLU 175,175,-56.8987
GLN 176,176,-53.7627
ALA 177,177,6.1673
SER 178,178,-0.1644
GLN 179,179,-54.5271
GLU 180,180,-59.5593
VAL 181,181,-4.1020
LYS 182,182,-5.3971
ASN 183,183,-74.7175
TRP 184,184,18.8215
MET 185,185,2.8596
THR 186,186,-20.7517
GLU 187,187,-60.3928
THR 188,188,-13.9063
LEU 189,189,-8.0952
LEU 190,190,-14.8205
VAL 191,191,-10.3405
GLN 192,192,-55.5054
ASN 193,193,-72.0707
ALA 194,194,3.5975
ASN 195,195,-62.4049
PRO 196,196,13.6857
ASP 197,197,-66.7165
CYX 198,198,12.4138
LYS 199,199,-7.8221
THR 200,200,-20.2592
ILE 201,201,13.4037
LEU 202,202,-9.2699
LYS 203,203,-3.7366
ALA 204,204,4.5425
LEU 205,205,-11.1473
GLY 206,206,7.6672
PRO 207,207,18.1625
GLY 208,208,-3.0813
ALA 209,209,6.3312
THR 210,210,-14.4656
LEU 211,211,-12.1147
GLU 212,212,-61.7244
GLU 213,213,-60.4983
MET 214,214,6.4258
MET 215,215,3.8600
THR 216,216,-17.8254
ALA 217,217,6.9027
CYX 218,218,8.0414
GLN 219,219,-51.7727
GLY 220,220,5.9087
VAL 221,221,-99.4798
PRO   1,1,-3.1907
ILE   2,2,13.2078
VAL   3,3,-10.5084
GLN   4,4,-51.4207
ASN   5,5,-68.4110
LEU   6,6,-6.6735
GLN   7,7,-52.4159
GLY   8,8,-1.4549
GLN   9,9,-51.5945
MET  10,10,11.2238
VAL  11,11,-9.9517
HID  12,12,16.3910
GLN  13,13,-54.1195
ALA  14,14,8.3012
ILE  15,15,11.6025
SER  16,16,8.0558
PRO  17,17,24.2571
ARG  18,18,-163.0621
THR  19,19,-20.7983
LEU  20,20,-11.5304
ASN  21,21,-71.2155
ALA  22,22,5.1710
TRP  23,23,15.3665
VAL  24,24,-2.8022
LYS  25,25,-5.1076
VAL  26,26,-13.0197
VAL  27,27,-13.4936
GLU  28,28,-62.1788
GLU  29,29,-52.2466
LYS  30,30,-2.9557
ALA  31,31,4.9406
PHE  32,32,15.4016
SER  33,33,11.1715
PRO  34,34,14.4042
GLU  35,35,-59.6857
VAL  36,36,-10.5476
ILE  37,37,20.1697
PRO  38,38,16.0643
MET  39,39,8.3000
PHE  40,40,5.5869
SER  41,41,0.6801
ALA  42,42,8.9002
LEU  43,43,-11.3673
SER  44,44,-8.4070
GLU  45,45,-58.7247
GLY  46,46,-2.2072
ALA  47,47,5.0780
THR  48,48,-6.5958
PRO  49,49,12.0765
GLN  50,50,-57.8913
ASP  51,51,-56.5060
LEU  52,52,-15.6769
ASN  53,53,-74.5086
THR  54,54,-17.9715
MET  55,55,4.8172
LEU  56,56,-12.9795
ASN  57,57,-70.6466
THR  58,58,-14.7733
VAL  59,59,-9.3591
ALA  60,60,19.1818
PRO  61,61,15.7022
HID  62,62,16.0422
GLN  63,63,-51.8785
ALA  64,64,6.8821
ALA  65,65,5.1411
ALA  66,66,3.6452
GLN  67,67,-53.2783
MET  68,68,6.4356
LEU  69,69,-6.8352
LYS  70,70,-7.0685
GLU  71,71,-66.5424
THR  72,72,-18.1443
ILE  73,73,9.4860
ASN  74,74,-72.9845
GLU  75,75,-59.6648
GLU  76,76,-60.1899
ALA  77,77,3.6276
ALA  78,78,3.5236
GLU  79,79,-60.3792
TRP  80,80,11.4684
ASP  81,81,-54.2909
ARG  82,82,-170.6777
LEU  83,83,-15.0698
HID  84,84,21.9195
PRO  85,85,19.3488
VAL  86,86,-7.8094
HID  87,87,16.9622
ALA  88,88,8.8422
GLY  89,89,10.4192
PRO  90,90,18.7233
ILE  91,91,12.4814
ALA  92,92,19.1299
PRO  93,93,18.5685
GLY  94,94,-1.5457
GLN  95,95,-51.9302
MET  96,96,15.3319
ARG  97,97,-184.7337
GLU  98,98,-49.4108
PRO  99,99,18.9475
ARG 100,100,-177.3229
GLY 101,101,-8.7698
SER 102,102,-4.6223
ASP 103,103,-54.7557
ILE 104,104,8.1072
ALA 105,105,2.5838
GLY 106,106,-4.7222
THR 107,107,-15.3744
THR 108,108,-18.2994
SER 109,109,-2.8987
THR 110,110,-13.1795
LEU 111,111,-9.4533
GLN 112,112,-56.3286
GLU 113,113,-56.0500
GLN 114,114,-49.9497
ILE 115,115,6.3361
GLY 116,116,-3.4441
TRP 117,117,13.7989
MET 118,118,5.2079
THR 119,119,-19.4844
HID 120,120,14.4824
ASN 121,121,-55.2455
PRO 122,122,26.9997
PRO 123,123,15.1406
ILE 124,124,23.1838
PRO 125,125,19.5506
VAL 126,126,-9.6211
GLY 127,127,-6.5574
GLU 128,128,-56.6728
ILE 129,129,8.9519
TYR 130,130,-8.4873
LYS 131,131,-1.0173
ARG 132,132,-165.4135
TRP 133,133,11.9685
ILE 134,134,6.5201
ILE 135,135,8.9593
LEU 136,136,-12.4741
GLY 137,137,-4.5256
LEU 138,138,-15.0898
ASN 139,139,-64.7927
LYS 140,140,-4.0795
ILE 141,141,3.4775
VAL 142,142,-5.2625
ARG 143,143,-162.3322
MET 144,144,2.7463
TYR 145,145,-9.5142
SER 146,146,11.1830
PRO 147,147,18.4897
THR 148,148,-15.8290
SER 149,149,4.8912
ILE 150,150,24.6296
LEU   1,1,-6.7771
ASP   2,2,-64.3376
ILE   3,3,17.1204
ARG   4,4,-172.6662
GLN   5,5,-65.9021
GLY   6,6,7.5846
PRO   7,7,23.5617
LYS   8,8,-3.7739
GLU   9,9,-46.9165
PRO  10,10,15.3080
PHE  11,11,16.4518
ARG  12,12,-173.7758
ASP  13,13,-69.8987
TYR  14,14,-13.8751
VAL  15,15,-12.3610
ASP  16,16,-59.6079
ARG  17,17,-181.6461
PHE  18,18,1.1573
TYR  19,19,-2.6938
LYS  20,20,-6.6506
THR  21,21,-20.1677
LEU  22,22,-4.8201
ARG  23,23,-162.9732
ALA  24,24,0.1336
GLU  25,25,-62.4972
GLN  26,26,-52.8212
ALA  27,27,6.2965
SER  28,28,-0.1016
GLN  29,29,-54.4986
GLU  30,30,-59.6215
VAL  31,31,-4.0453
LYS  32,32,-5.3282
ASN  33,33,-74.7015
TRP  34,34,18.8598
MET  35,35,3.3725
THR  36,36,-20.7295
GLU  37,37,-60.4184
THR  38,38,-13.8730
LEU  39,39,-7.3851
LEU  40,40,-14.8187
VAL  41,41,-10.3475
GLN  42,42,-55.3941
ASN  43,43,-70.7627
ALA  44,44,3.6047
ASN  45,45,-62.4081
PRO  46,46,13.6866
ASP  47,47,-66.7274
CYX  48,48,12.4166
LYS  49,49,-7.7729
THR  50,50,-20.2604
ILE  51,51,13.4039
LEU  52,52,-9.2670
LYS  53,53,-3.7080
ALA  54,54,4.5429
LEU  55,55,-11.1462
GLY  56,56,7.6698
PRO  57,57,18.1639
GLY  58,58,-3.0806
ALA  59,59,6.3325
THR  60,60,-14.4652
LEU  61,61,-12.1093
GLU  62,62,-61.7034
GLU  63,63,-60.5026
MET  64,64,6.4324
MET  65,65,3.8734
THR  66,66,-17.8214
ALA  67,67,6.9042
CYX  68,68,8.0489
GLN  69,69,-51.7713
GLY  70,70,5.9063
VAL  71,71,-99.4692
PRO   1,1,-0.0682
ILE   2,2,-0.0004
VAL   3,3,0.0001
GLN   4,4,-0.0005
ASN   5,5,0.0000
LEU   6,6,-0.0001
GLN   7,7,-0.0003
GLY   8,8,-0.0000
GLN   9,9,-0.0009
MET  10,10,-0.0002
VAL  11,11,-0.0003
HID  12,12,0.0002
GLN  13,13,0.0004
ALA  14,14,-0.0010
ILE  15,15,-0.0011
SER  16,16,-0.0004
PRO  17,17,0.0001
ARG  18,18,-0.0736
THR  19,19,-0.0031
LEU  20,20,-0.0027
ASN  21,21,-0.0020
ALA  22,22,-0.0053
TRP  23,23,-0.0232
VAL  24,24,-0.0046
LYS  25,25,-0.0767
VAL  26,26,-0.0321
VAL  27,27,-0.0171
GLU  28,28,0.0535
GLU  29,29,0.0381
LYS  30,30,-0.0052
ALA  31,31,-0.0651
PHE  32,32,-0.0529
SER  33,33,0.0907
PRO  34,34,-2.1259
GLU  35,35,1.8874
VAL  36,36,0.0073
ILE  37,37,-0.1352
PRO  38,38,-0.1145
MET  39,39,0.0243
PHE  40,40,0.0188
SER  41,41,0.0139
ALA  42,42,0.0059
LEU  43,43,0.0040
SER  44,44,0.0019
GLU  45,45,0.0487
GLY  46,46,0.0001
ALA  47,47,-0.0004
THR  48,48,-0.0011
PRO  49,49,-0.0013
GLN  50,50,-0.0013
ASP  51,51,0.0718
LEU  52,52,0.0027
ASN  53,53,0.0012
THR  54,54,-0.0011
MET  55,55,-0.0012
LEU  56,56,-0.0014
ASN  57,57,-0.0004
THR  58,58,-0.0042
VAL  59,59,-0.0066
ALA  60,60,0.0003
PRO  61,61,-0.0011
HID  62,62,-0.0030
GLN  63,63,-0.0000
ALA  64,64,0.0028
ALA  65,65,0.0019
ALA  66,66,0.0003
GLN  67,67,-0.0044
MET  68,68,-0.0124
LEU  69,69,-0.0064
LYS  70,70,-0.1045
GLU  71,71,0.1346
THR  72,72,-0.0059
ILE  73,73,-0.0028
ASN  74,74,-0.0056
GLU  75,75,0.1557
GLU  76,76,0.1588
ALA  77,77,-0.0015
ALA  78,78,-0.0037
GLU  79,79,0.1439
TRP  80,80,-0.0019
ASP  81,81,0.1025
ARG  82,82,-0.1357
LEU  83,83,-0.0030
HID  84,84,-0.0018
PRO  85,85,-0.0001
VAL  86,86,0.0003
HID  87,87,-0.0005
ALA  88,88,-0.0005
GLY  89,89,0.0008
PRO  90,90,0.0004
ILE  91,91,-0.0007
ALA  92,92,0.0002
PRO  93,93,0.0002
GLY  94,94,0.0002
GLN  95,95,-0.0016
MET  96,96,0.0002
ARG  97,97,-0.0839
GLU  98,98,0.0902
PRO  99,99,0.0011
ARG 100,100,-0.1004
GLY 101,101,-0.0011
SER 102,102,-0.0006
ASP 103,103,0.0907
ILE 104,104,-0.0026
ALA 105,105,-0.0022
GLY 106,106,-0.0020
THR 107,107,-0.0020
THR 108,108,-0.0004
SER 109,109,0.0006
THR 110,110,0.0021
LEU 111,111,0.0004
GLN 112,112,0.0000
GLU 113,113,0.0784
GLN 114,114,-0.0021
ILE 115,115,0.0003
GLY 116,116,-0.0001
TRP 117,117,-0.0003
MET 118,118,-0.0003
THR 119,119,-0.0006
HID 120,120,-0.0010
ASN 121,121,-0.0002
PRO 122,122,-0.0001
PRO 123,123,0.0006
ILE 124,124,-0.0013
PRO 125,125,0.0009
VAL 126,126,-0.0001
GLY 127,127,-0.0008
GLU 128,128,0.0516
ILE 129,129,-0.0034
TYR 130,130,0.0001
LYS 131,131,-0.0530
ARG 132,132,-0.1031
TRP 133,133,-0.0068
ILE 134,134,-0.0011
ILE 135,135,-0.0423
LEU 136,136,-0.0686
GLY 137,137,0.0045
LEU 138,138,-0.0439
ASN 139,139,0.4987
LYS 140,140,-0.4290
ILE 141,141,-0.0880
VAL 142,142,-1.1551
ARG 143,143,-11.4057
MET 144,144,-0.1123
TYR 145,145,-0.1621
SER 146,146,0.5395
PRO 147,147,-0.3903
THR 148,148,0.0015
SER 149,149,-4.3747
ILE 150,150,-10.8634
LEU 151,151,-5.8188
ASP 152,152,-0.9389
ILE 153,153,-2.3248
ARG 154,154,-0.8544
GLN 155,155,-0.0121
GLY 156,156,-0.0043
PRO 157,157,-0.0081
LYS 158,158,-0.0214
GLU 159,159,-0.1092
PRO 160,160,-0.0066
PHE 161,161,-0.0076
ARG 162,162,0.0239
ASP 163,163,-0.0942
TYR 164,164,-0.0345
VAL 165,165,-0.0373
ASP 166,166,-0.1365
ARG 167,167,0.5523
PHE 168,168,-1.1596
TYR 169,169,-0.3543
LYS 170,170,-0.6294
THR 171,171,-1.4408
LEU 172,172,-0.9836
ARG 173,173,-7.3415
ALA 174,174,-1.1987
GLU 175,175,5.5985
GLN 176,176,-0.9416
ALA 177,177,-0.1292
SER 178,178,-0.0628
GLN 179,179,-0.0285
GLU 180,180,0.0622
VAL 181,181,-0.0568
LYS 182,182,-0.0690
ASN 183,183,-0.0160
TRP 184,184,-0.0383
MET 185,185,-0.5129
THR 186,186,-0.0222
GLU 187,187,0.0256
THR 188,188,-0.0333
LEU 189,189,-0.7101
LEU 190,190,-0.0018
VAL 191,191,0.0070
GLN 192,192,-0.1113
ASN 193,193,-1.3080
ALA 194,194,-0.0072
ASN 195,195,0.0032
PRO 196,196,-0.0009
ASP 197,197,0.0109
CYX 198,198,-0.0027
LYS 199,199,-0.0492
THR 200,200,0.0012
ILE 201,201,-0.0002
LEU 202,202,-0.0029
LYS 203,203,-0.0286
ALA 204,204,-0.0004
LEU 205,205,-0.0010
GLY 206,206,-0.0026
PRO 207,207,-0.0013
GLY 208,208,-0.0007
ALA 209,209,-0.0013
THR 210,210,-0.0004
LEU 211,211,-0.0055
GLU 212,212,-0.0211
GLU 213,213,0.0043
MET 214,214,-0.0066
MET 215,215,-0.0134
THR 216,216,-0.0039
ALA 217,217,-0.0015
CYX 218,218,-0.0075
GLN 219,219,-0.0014
GLY 220,220,0.0024
VAL 221,221,-0.0106
