Residue Name,Residue Number,Binding Free Energy (kcal/mol)
PRO   1,1,-0.0920
ILE   2,2,12.4695
VAL   3,3,-9.7015
GLN   4,4,-53.6251
ASN   5,5,-67.4686
LEU   6,6,-5.6378
GLN   7,7,-53.5316
GLY   8,8,-1.1902
GLN   9,9,-49.6020
MET  10,10,10.5070
VAL  11,11,-9.2502
HID  12,12,16.2006
GLN  13,13,-55.1224
ALA  14,14,9.3140
ILE  15,15,12.1634
SER  16,16,7.7713
PRO  17,17,23.5821
ARG  18,18,-161.9394
THR  19,19,-20.3033
LEU  20,20,-11.6260
ASN  21,21,-71.5952
ALA  22,22,6.3876
TRP  23,23,19.1032
VAL  24,24,-4.0551
LYS  25,25,-5.3288
VAL  26,26,-12.8815
VAL  27,27,-15.9474
GLU  28,28,-62.5749
GLU  29,29,-52.9286
LYS  30,30,-5.9766
ALA  31,31,3.8497
PHE  32,32,14.0496
SER  33,33,11.3863
PRO  34,34,12.8911
GLU  35,35,-55.9417
VAL  36,36,-10.8268
ILE  37,37,20.0433
PRO  38,38,16.0774
MET  39,39,8.7274
PHE  40,40,4.9807
SER  41,41,1.0761
ALA  42,42,9.0804
LEU  43,43,-10.0675
SER  44,44,-8.2423
GLU  45,45,-59.0573
GLY  46,46,-3.9167
ALA  47,47,4.5253
THR  48,48,-8.2165
PRO  49,49,10.6897
GLN  50,50,-58.5154
ASP  51,51,-58.6713
LEU  52,52,-15.8427
ASN  53,53,-75.0248
THR  54,54,-17.8711
MET  55,55,7.9954
LEU  56,56,-13.5267
ASN  57,57,-71.1337
THR  58,58,-11.9548
VAL  59,59,-6.6301
ALA  60,60,19.2440
PRO  61,61,17.0176
HID  62,62,18.3674
GLN  63,63,-51.0235
ALA  64,64,6.7829
ALA  65,65,6.5218
ALA  66,66,5.3445
GLN  67,67,-53.7383
MET  68,68,5.4807
LEU  69,69,-7.0299
LYS  70,70,-7.6772
GLU  71,71,-65.8334
THR  72,72,-19.6034
ILE  73,73,9.0638
ASN  74,74,-73.4188
GLU  75,75,-62.7229
GLU  76,76,-60.9448
ALA  77,77,4.3812
ALA  78,78,3.8765
GLU  79,79,-56.6711
TRP  80,80,12.4202
ASP  81,81,-51.2673
ARG  82,82,-171.5448
LEU  83,83,-15.1961
HID  84,84,24.9582
PRO  85,85,18.9260
VAL  86,86,-7.6615
HID  87,87,15.3579
ALA  88,88,7.2787
GLY  89,89,9.8493
PRO  90,90,18.8661
ILE  91,91,11.1876
ALA  92,92,19.5666
PRO  93,93,17.4179
GLY  94,94,-0.8814
GLN  95,95,-49.7703
MET  96,96,18.9486
ARG  97,97,-181.2511
GLU  98,98,-54.0228
PRO  99,99,19.8287
ARG 100,100,-173.6821
GLY 101,101,-9.8794
SER 102,102,-5.3397
ASP 103,103,-55.5324
ILE 104,104,8.3785
ALA 105,105,1.8352
GLY 106,106,-4.0302
THR 107,107,-16.5018
THR 108,108,-19.5320
SER 109,109,-4.2381
THR 110,110,-15.4841
LEU 111,111,-9.8276
GLN 112,112,-55.6244
GLU 113,113,-54.4809
GLN 114,114,-57.5150
ILE 115,115,5.9923
GLY 116,116,-4.0888
TRP 117,117,12.2932
MET 118,118,7.5021
THR 119,119,-19.1479
HID 120,120,14.1749
ASN 121,121,-55.1020
PRO 122,122,27.0882
PRO 123,123,14.9073
ILE 124,124,22.5858
PRO 125,125,19.3158
VAL 126,126,-8.7966
GLY 127,127,-6.5945
GLU 128,128,-55.4555
ILE 129,129,10.0786
TYR 130,130,-8.5550
LYS 131,131,-4.8000
ARG 132,132,-167.6638
TRP 133,133,10.6857
ILE 134,134,6.6148
ILE 135,135,8.0462
LEU 136,136,-13.3046
GLY 137,137,-4.5783
LEU 138,138,-14.5952
ASN 139,139,-65.5209
LYS 140,140,-3.5265
ILE 141,141,4.0836
VAL 142,142,-5.2151
ARG 143,143,-166.3124
MET 144,144,2.7407
TYR 145,145,-8.7038
SER 146,146,13.9227
PRO 147,147,16.7328
THR 148,148,-13.7069
SER 149,149,-0.0084
ILE 150,150,11.8955
LEU 151,151,-12.3164
ASP 152,152,-66.4615
ILE 153,153,13.8846
ARG 154,154,-173.3267
GLN 155,155,-66.7017
GLY 156,156,6.9572
PRO 157,157,23.9927
LYS 158,158,-4.0576
GLU 159,159,-46.9801
PRO 160,160,14.3250
PHE 161,161,14.9341
ARG 162,162,-171.8984
ASP 163,163,-69.3817
TYR 164,164,-14.3324
VAL 165,165,-13.1641
ASP 166,166,-58.0277
ARG 167,167,-180.9737
PHE 168,168,0.2725
TYR 169,169,-3.4884
LYS 170,170,-10.5037
THR 171,171,-22.2210
LEU 172,172,-7.2034
ARG 173,173,-170.1059
ALA 174,174,-1.0973
GLU 175,175,-58.2363
GLN 176,176,-52.0731
ALA 177,177,5.0423
SER 178,178,-1.2951
GLN 179,179,-54.4579
GLU 180,180,-58.8987
VAL 181,181,-3.5858
LYS 182,182,-5.8188
ASN 183,183,-74.1816
TRP 184,184,18.9439
MET 185,185,3.8044
THR 186,186,-20.7319
GLU 187,187,-57.4984
THR 188,188,-14.6197
LEU 189,189,-9.3667
LEU 190,190,-15.0749
VAL 191,191,-10.1813
GLN 192,192,-55.6953
ASN 193,193,-72.0356
ALA 194,194,3.4930
ASN 195,195,-60.9365
PRO 196,196,13.3525
ASP 197,197,-65.8764
CYX 198,198,11.3392
LYS 199,199,-6.8756
THR 200,200,-20.3226
ILE 201,201,12.1898
LEU 202,202,-9.2329
LYS 203,203,-3.7062
ALA 204,204,3.8029
LEU 205,205,-10.2083
GLY 206,206,8.6005
PRO 207,207,17.5883
GLY 208,208,-3.6297
ALA 209,209,6.6437
THR 210,210,-13.1185
LEU 211,211,-12.2800
GLU 212,212,-63.2308
GLU 213,213,-60.7543
MET 214,214,6.2494
MET 215,215,3.6789
THR 216,216,-18.4981
ALA 217,217,6.3051
CYX 218,218,8.1877
GLN 219,219,-49.9602
GLY 220,220,5.4618
VAL 221,221,-98.2917
PRO   1,1,-0.0384
ILE   2,2,12.4696
VAL   3,3,-9.7009
GLN   4,4,-53.6250
ASN   5,5,-67.4689
LEU   6,6,-5.6376
GLN   7,7,-53.5314
GLY   8,8,-1.1903
GLN   9,9,-49.6023
MET  10,10,10.5073
VAL  11,11,-9.2501
HID  12,12,16.2012
GLN  13,13,-55.1222
ALA  14,14,9.3144
ILE  15,15,12.1638
SER  16,16,7.7713
PRO  17,17,23.5821
ARG  18,18,-161.8773
THR  19,19,-20.3022
LEU  20,20,-11.6246
ASN  21,21,-71.5948
ALA  22,22,6.3897
TRP  23,23,19.1174
VAL  24,24,-4.0502
LYS  25,25,-5.2507
VAL  26,26,-12.8611
VAL  27,27,-15.9229
GLU  28,28,-62.6249
GLU  29,29,-52.9632
LYS  30,30,-5.9167
ALA  31,31,3.8308
PHE  32,32,14.1902
SER  33,33,11.2939
PRO  34,34,14.0202
GLU  35,35,-58.4027
VAL  36,36,-10.8181
ILE  37,37,20.1789
PRO  38,38,16.1621
MET  39,39,8.7394
PHE  40,40,4.9844
SER  41,41,1.0785
ALA  42,42,9.0801
LEU  43,43,-10.0671
SER  44,44,-8.2418
GLU  45,45,-59.0956
GLY  46,46,-3.9163
ALA  47,47,4.5260
THR  48,48,-8.2166
PRO  49,49,10.6899
GLN  50,50,-58.5151
ASP  51,51,-58.7260
LEU  52,52,-15.8420
ASN  53,53,-75.0249
THR  54,54,-17.8709
MET  55,55,7.9975
LEU  56,56,-13.5240
ASN  57,57,-71.1334
THR  58,58,-11.9543
VAL  59,59,-6.6246
ALA  60,60,19.2450
PRO  61,61,17.0205
HID  62,62,18.3837
GLN  63,63,-51.0188
ALA  64,64,6.7855
ALA  65,65,6.5250
ALA  66,66,5.3476
GLN  67,67,-53.7339
MET  68,68,5.4869
LEU  69,69,-7.0268
LYS  70,70,-7.6087
GLU  71,71,-65.9220
THR  72,72,-19.6041
ILE  73,73,9.0650
ASN  74,74,-73.4153
GLU  75,75,-62.8280
GLU  76,76,-61.0598
ALA  77,77,4.3824
ALA  78,78,3.8789
GLU  79,79,-56.7750
TRP  80,80,12.4211
ASP  81,81,-51.3337
ARG  82,82,-171.4429
LEU  83,83,-15.1940
HID  84,84,24.9588
PRO  85,85,18.9260
VAL  86,86,-7.6618
HID  87,87,15.3579
ALA  88,88,7.2788
GLY  89,89,9.8490
PRO  90,90,18.8659
ILE  91,91,11.1884
ALA  92,92,19.5661
PRO  93,93,17.4174
GLY  94,94,-0.8819
GLN  95,95,-49.7711
MET  96,96,18.9482
ARG  97,97,-181.1964
GLU  98,98,-54.0812
PRO  99,99,19.8288
ARG 100,100,-173.6211
GLY 101,101,-9.8788
SER 102,102,-5.3396
ASP 103,103,-55.5891
ILE 104,104,8.3807
ALA 105,105,1.8363
GLY 106,106,-4.0295
THR 107,107,-16.5007
THR 108,108,-19.5318
SER 109,109,-4.2383
THR 110,110,-15.4839
LEU 111,111,-9.8274
GLN 112,112,-55.6240
GLU 113,113,-54.5325
GLN 114,114,-57.5138
ILE 115,115,5.9924
GLY 116,116,-4.0888
TRP 117,117,12.2932
MET 118,118,7.5023
THR 119,119,-19.1478
HID 120,120,14.1755
ASN 121,121,-55.1021
PRO 122,122,27.0890
PRO 123,123,14.9065
ILE 124,124,22.5877
PRO 125,125,19.3168
VAL 126,126,-8.7975
GLY 127,127,-6.5948
GLU 128,128,-55.5014
ILE 129,129,10.0794
TYR 130,130,-8.5546
LYS 131,131,-4.7530
ARG 132,132,-167.5850
TRP 133,133,10.6904
ILE 134,134,6.6217
ILE 135,135,8.0792
LEU 136,136,-13.2788
GLY 137,137,-4.5652
LEU 138,138,-14.5031
ASN 139,139,-65.9537
LYS 140,140,-3.3072
ILE 141,141,4.1565
VAL 142,142,-4.1955
ARG 143,143,-161.3757
MET 144,144,2.8139
TYR 145,145,-8.6228
SER 146,146,13.6332
PRO 147,147,17.1545
THR 148,148,-14.3684
SER 149,149,4.4930
ILE 150,150,23.7338
LEU   1,1,-6.6934
ASP   2,2,-65.3544
ILE   3,3,16.5074
ARG   4,4,-172.4244
GLN   5,5,-66.6869
GLY   6,6,6.9596
PRO   7,7,24.0002
LYS   8,8,-4.0212
GLU   9,9,-46.9744
PRO  10,10,14.3252
PHE  11,11,14.9312
ARG  12,12,-171.8719
ASP  13,13,-69.3857
TYR  14,14,-14.3446
VAL  15,15,-13.1527
ASP  16,16,-58.0082
ARG  17,17,-181.4108
PHE  18,18,1.4444
TYR  19,19,-3.1882
LYS  20,20,-9.5312
THR  21,21,-20.5377
LEU  22,22,-6.0654
ARG  23,23,-164.5514
ALA  24,24,0.5582
GLU  25,25,-61.7228
GLN  26,26,-52.0215
ALA  27,27,5.1128
SER  28,28,-1.2609
GLN  29,29,-54.4351
GLU  30,30,-58.9561
VAL  31,31,-3.5398
LYS  32,32,-5.6787
ASN  33,33,-74.1753
TRP  34,34,18.9784
MET  35,35,4.3552
THR  36,36,-20.7136
GLU  37,37,-57.5249
THR  38,38,-14.5861
LEU  39,39,-8.5643
LEU  40,40,-15.0656
VAL  41,41,-10.1842
GLN  42,42,-55.5639
ASN  43,43,-70.3715
ALA  44,44,3.5043
ASN  45,45,-60.9403
PRO  46,46,13.3531
ASP  47,47,-65.9094
CYX  48,48,11.3430
LYS  49,49,-6.8025
THR  50,50,-20.3209
ILE  51,51,12.1938
LEU  52,52,-9.2239
LYS  53,53,-3.6678
ALA  54,54,3.8046
LEU  55,55,-10.2053
GLY  56,56,8.6011
PRO  57,57,17.5912
GLY  58,58,-3.6276
ALA  59,59,6.6429
THR  60,60,-13.1185
LEU  61,61,-12.2729
GLU  62,62,-63.2368
GLU  63,63,-60.7638
MET  64,64,6.2585
MET  65,65,3.6877
THR  66,66,-18.4945
ALA  67,67,6.3091
CYX  68,68,8.1911
GLN  69,69,-49.9588
GLY  70,70,5.4644
VAL  71,71,-98.3107
PRO   1,1,-0.0536
ILE   2,2,-0.0001
VAL   3,3,-0.0006
GLN   4,4,-0.0001
ASN   5,5,0.0002
LEU   6,6,-0.0002
GLN   7,7,-0.0003
GLY   8,8,0.0001
GLN   9,9,0.0002
MET  10,10,-0.0004
VAL  11,11,-0.0001
HID  12,12,-0.0006
GLN  13,13,-0.0002
ALA  14,14,-0.0004
ILE  15,15,-0.0005
SER  16,16,-0.0001
PRO  17,17,0.0000
ARG  18,18,-0.0622
THR  19,19,-0.0011
LEU  20,20,-0.0013
ASN  21,21,-0.0004
ALA  22,22,-0.0021
TRP  23,23,-0.0142
VAL  24,24,-0.0049
LYS  25,25,-0.0781
VAL  26,26,-0.0204
VAL  27,27,-0.0245
GLU  28,28,0.0500
GLU  29,29,0.0346
LYS  30,30,-0.0598
ALA  31,31,0.0189
PHE  32,32,-0.1406
SER  33,33,0.0924
PRO  34,34,-1.1291
GLU  35,35,2.4610
VAL  36,36,-0.0087
ILE  37,37,-0.1356
PRO  38,38,-0.0846
MET  39,39,-0.0120
PHE  40,40,-0.0037
SER  41,41,-0.0024
ALA  42,42,0.0002
LEU  43,43,-0.0004
SER  44,44,-0.0005
GLU  45,45,0.0384
GLY  46,46,-0.0004
ALA  47,47,-0.0007
THR  48,48,0.0002
PRO  49,49,-0.0002
GLN  50,50,-0.0003
ASP  51,51,0.0547
LEU  52,52,-0.0007
ASN  53,53,0.0000
THR  54,54,-0.0002
MET  55,55,-0.0020
LEU  56,56,-0.0027
ASN  57,57,-0.0002
THR  58,58,-0.0005
VAL  59,59,-0.0055
ALA  60,60,-0.0010
PRO  61,61,-0.0029
HID  62,62,-0.0163
GLN  63,63,-0.0046
ALA  64,64,-0.0027
ALA  65,65,-0.0032
ALA  66,66,-0.0030
GLN  67,67,-0.0043
MET  68,68,-0.0062
LEU  69,69,-0.0031
LYS  70,70,-0.0686
GLU  71,71,0.0886
THR  72,72,0.0007
ILE  73,73,-0.0012
ASN  74,74,-0.0035
GLU  75,75,0.1051
GLU  76,76,0.1150
ALA  77,77,-0.0012
ALA  78,78,-0.0024
GLU  79,79,0.1039
TRP  80,80,-0.0009
ASP  81,81,0.0663
ARG  82,82,-0.1019
LEU  83,83,-0.0021
HID  84,84,-0.0006
PRO  85,85,0.0001
VAL  86,86,0.0003
HID  87,87,0.0000
ALA  88,88,-0.0001
GLY  89,89,0.0004
PRO  90,90,0.0002
ILE  91,91,-0.0008
ALA  92,92,0.0004
PRO  93,93,0.0005
GLY  94,94,0.0005
GLN  95,95,0.0008
MET  96,96,0.0004
ARG  97,97,-0.0547
GLU  98,98,0.0584
PRO  99,99,-0.0001
ARG 100,100,-0.0610
GLY 101,101,-0.0006
SER 102,102,-0.0001
ASP 103,103,0.0568
ILE 104,104,-0.0022
ALA 105,105,-0.0011
GLY 106,106,-0.0007
THR 107,107,-0.0010
THR 108,108,-0.0002
SER 109,109,0.0002
THR 110,110,-0.0002
LEU 111,111,-0.0002
GLN 112,112,-0.0003
GLU 113,113,0.0516
GLN 114,114,-0.0012
ILE 115,115,-0.0001
GLY 116,116,-0.0001
TRP 117,117,-0.0000
MET 118,118,-0.0002
THR 119,119,-0.0000
HID 120,120,-0.0006
ASN 121,121,0.0001
PRO 122,122,-0.0008
PRO 123,123,0.0009
ILE 124,124,-0.0019
PRO 125,125,-0.0010
VAL 126,126,0.0009
GLY 127,127,0.0003
GLU 128,128,0.0459
ILE 129,129,-0.0008
TYR 130,130,-0.0004
LYS 131,131,-0.0470
ARG 132,132,-0.0788
TRP 133,133,-0.0047
ILE 134,134,-0.0069
ILE 135,135,-0.0330
LEU 136,136,-0.0258
GLY 137,137,-0.0132
LEU 138,138,-0.0921
ASN 139,139,0.4328
LYS 140,140,-0.2193
ILE 141,141,-0.0729
VAL 142,142,-1.0196
ARG 143,143,-4.9366
MET 144,144,-0.0732
TYR 145,145,-0.0810
SER 146,146,0.2895
PRO 147,147,-0.4217
THR 148,148,0.6614
SER 149,149,-4.5014
ILE 150,150,-11.8384
LEU 151,151,-5.6229
ASP 152,152,-1.1071
ILE 153,153,-2.6228
ARG 154,154,-0.9022
GLN 155,155,-0.0148
GLY 156,156,-0.0024
PRO 157,157,-0.0076
LYS 158,158,-0.0365
GLU 159,159,-0.0057
PRO 160,160,-0.0002
PHE 161,161,0.0030
ARG 162,162,-0.0265
ASP 163,163,0.0041
TYR 164,164,0.0123
VAL 165,165,-0.0114
ASP 166,166,-0.0195
ARG 167,167,0.4370
PHE 168,168,-1.1719
TYR 169,169,-0.3003
LYS 170,170,-0.9724
THR 171,171,-1.6833
LEU 172,172,-1.1380
ARG 173,173,-5.5546
ALA 174,174,-1.6555
GLU 175,175,3.4865
GLN 176,176,-0.0516
ALA 177,177,-0.0705
SER 178,178,-0.0341
GLN 179,179,-0.0228
GLU 180,180,0.0574
VAL 181,181,-0.0460
LYS 182,182,-0.1401
ASN 183,183,-0.0063
TRP 184,184,-0.0345
MET 185,185,-0.5508
THR 186,186,-0.0183
GLU 187,187,0.0265
THR 188,188,-0.0336
LEU 189,189,-0.8024
LEU 190,190,-0.0093
VAL 191,191,0.0029
GLN 192,192,-0.1314
ASN 193,193,-1.6640
ALA 194,194,-0.0113
ASN 195,195,0.0038
PRO 196,196,-0.0005
ASP 197,197,0.0330
CYX 198,198,-0.0037
LYS 199,199,-0.0731
THR 200,200,-0.0018
ILE 201,201,-0.0040
LEU 202,202,-0.0090
LYS 203,203,-0.0385
ALA 204,204,-0.0017
LEU 205,205,-0.0030
GLY 206,206,-0.0006
PRO 207,207,-0.0028
GLY 208,208,-0.0021
ALA 209,209,0.0008
THR 210,210,-0.0000
LEU 211,211,-0.0071
GLU 212,212,0.0059
GLU 213,213,0.0094
MET 214,214,-0.0091
MET 215,215,-0.0089
THR 216,216,-0.0037
ALA 217,217,-0.0039
CYX 218,218,-0.0034
GLN 219,219,-0.0014
GLY 220,220,-0.0026
VAL 221,221,0.0190
