Residue Name,Residue Number,Binding Free Energy (kcal/mol)
PRO   1,1,-2.3659
ILE   2,2,14.5862
VAL   3,3,-8.8540
GLN   4,4,-53.0070
ASN   5,5,-66.8654
LEU   6,6,-6.8435
GLN   7,7,-54.0503
GLY   8,8,-3.4961
GLN   9,9,-53.3883
MET  10,10,9.7196
VAL  11,11,-10.4617
HID  12,12,14.2422
GLN  13,13,-55.2120
ALA  14,14,7.2724
ILE  15,15,10.5191
SER  16,16,7.8668
PRO  17,17,22.8796
ARG  18,18,-162.7296
THR  19,19,-21.1341
LEU  20,20,-12.2443
ASN  21,21,-71.4011
ALA  22,22,6.1766
TRP  23,23,17.6499
VAL  24,24,-3.5791
LYS  25,25,-3.5049
VAL  26,26,-13.2126
VAL  27,27,-13.3203
GLU  28,28,-61.8302
GLU  29,29,-45.6332
LYS  30,30,-5.1959
ALA  31,31,2.1092
PHE  32,32,12.1551
SER  33,33,8.4110
PRO  34,34,14.2069
GLU  35,35,-59.2368
VAL  36,36,-11.1836
ILE  37,37,19.7414
PRO  38,38,16.2926
MET  39,39,6.7418
PHE  40,40,4.0934
SER  41,41,0.5473
ALA  42,42,8.9247
LEU  43,43,-10.8046
SER  44,44,-8.3403
GLU  45,45,-58.8975
GLY  46,46,-3.4194
ALA  47,47,5.4270
THR  48,48,-9.5157
PRO  49,49,10.4010
GLN  50,50,-56.5550
ASP  51,51,-61.4605
LEU  52,52,-16.2758
ASN  53,53,-75.9457
THR  54,54,-20.1400
MET  55,55,3.1554
LEU  56,56,-12.1704
ASN  57,57,-71.6040
THR  58,58,-15.2380
VAL  59,59,-8.5674
ALA  60,60,18.4104
PRO  61,61,15.8460
HID  62,62,13.7574
GLN  63,63,-51.4244
ALA  64,64,8.4975
ALA  65,65,6.1316
ALA  66,66,5.8817
GLN  67,67,-51.9918
MET  68,68,6.6016
LEU  69,69,-6.8121
LYS  70,70,-7.9123
GLU  71,71,-65.6011
THR  72,72,-21.3736
ILE  73,73,9.5183
ASN  74,74,-73.6514
GLU  75,75,-62.1066
GLU  76,76,-57.1113
ALA  77,77,4.0679
ALA  78,78,3.8624
GLU  79,79,-56.9414
TRP  80,80,13.0432
ASP  81,81,-52.2741
ARG  82,82,-169.5705
LEU  83,83,-14.9277
HID  84,84,23.3793
PRO  85,85,19.5964
VAL  86,86,-5.7736
HID  87,87,16.9429
ALA  88,88,9.0994
GLY  89,89,9.1701
PRO  90,90,19.2760
ILE  91,91,13.0494
ALA  92,92,18.3380
PRO  93,93,18.6743
GLY  94,94,-2.6282
GLN  95,95,-52.6309
MET  96,96,14.3473
ARG  97,97,-185.8935
GLU  98,98,-52.7351
PRO  99,99,17.3346
ARG 100,100,-174.7385
GLY 101,101,-9.6706
SER 102,102,-4.4634
ASP 103,103,-54.7699
ILE 104,104,7.8090
ALA 105,105,2.0589
GLY 106,106,-3.9921
THR 107,107,-16.9175
THR 108,108,-21.1932
SER 109,109,-1.0165
THR 110,110,-16.3648
LEU 111,111,-10.4614
GLN 112,112,-55.4714
GLU 113,113,-54.6852
GLN 114,114,-58.5658
ILE 115,115,6.7785
GLY 116,116,-3.4354
TRP 117,117,13.8873
MET 118,118,5.6152
THR 119,119,-20.3867
HID 120,120,15.5740
ASN 121,121,-54.7851
PRO 122,122,26.9843
PRO 123,123,15.9088
ILE 124,124,25.3099
PRO 125,125,18.7677
VAL 126,126,-11.8504
GLY 127,127,-6.9677
GLU 128,128,-58.5563
ILE 129,129,9.7326
TYR 130,130,-9.9511
LYS 131,131,-2.9024
ARG 132,132,-171.7177
TRP 133,133,12.3068
ILE 134,134,6.0648
ILE 135,135,8.9529
LEU 136,136,-13.1208
GLY 137,137,-4.5177
LEU 138,138,-14.1515
ASN 139,139,-65.3016
LYS 140,140,-2.5767
ILE 141,141,5.7686
VAL 142,142,-4.1452
ARG 143,143,-163.9105
MET 144,144,3.2688
TYR 145,145,-6.6526
SER 146,146,12.9722
PRO 147,147,15.0583
THR 148,148,-17.0417
SER 149,149,-0.3487
ILE 150,150,13.4212
LEU 151,151,-10.8945
ASP 152,152,-62.8245
ILE 153,153,19.4524
ARG 154,154,-167.0189
GLN 155,155,-66.9835
GLY 156,156,6.9025
PRO 157,157,23.8033
LYS 158,158,-3.8328
GLU 159,159,-47.0974
PRO 160,160,14.9903
PHE 161,161,16.2806
ARG 162,162,-172.5706
ASP 163,163,-70.4073
TYR 164,164,-14.0349
VAL 165,165,-13.6538
ASP 166,166,-57.6976
ARG 167,167,-179.9866
PHE 168,168,-0.6017
TYR 169,169,-2.9194
LYS 170,170,-11.2158
THR 171,171,-22.4494
LEU 172,172,-6.9013
ARG 173,173,-169.1839
ALA 174,174,-1.7285
GLU 175,175,-58.4325
GLN 176,176,-52.0130
ALA 177,177,5.4378
SER 178,178,-0.8671
GLN 179,179,-54.1926
GLU 180,180,-59.0216
VAL 181,181,-4.0930
LYS 182,182,-6.1506
ASN 183,183,-73.3641
TRP 184,184,18.7741
MET 185,185,4.1764
THR 186,186,-21.5617
GLU 187,187,-61.4733
THR 188,188,-14.5823
LEU 189,189,-8.2728
LEU 190,190,-14.7356
VAL 191,191,-10.0769
GLN 192,192,-55.3712
ASN 193,193,-73.6883
ALA 194,194,2.9844
ASN 195,195,-61.5477
PRO 196,196,13.9097
ASP 197,197,-64.4572
CYX 198,198,10.9940
LYS 199,199,-6.3906
THR 200,200,-20.5483
ILE 201,201,13.7462
LEU 202,202,-8.3528
LYS 203,203,-3.4872
ALA 204,204,4.4103
LEU 205,205,-11.1109
GLY 206,206,8.0103
PRO 207,207,17.7487
GLY 208,208,-2.5181
ALA 209,209,6.1416
THR 210,210,-12.6622
LEU 211,211,-12.0329
GLU 212,212,-62.3693
GLU 213,213,-61.2814
MET 214,214,6.7255
MET 215,215,5.3559
THR 216,216,-18.8132
ALA 217,217,5.4396
CYX 218,218,5.5859
GLN 219,219,-51.7507
GLY 220,220,5.9500
VAL 221,221,-99.3424
PRO   1,1,-2.3292
ILE   2,2,14.5874
VAL   3,3,-8.8539
GLN   4,4,-53.0062
ASN   5,5,-66.8651
LEU   6,6,-6.8434
GLN   7,7,-54.0501
GLY   8,8,-3.4963
GLN   9,9,-53.3878
MET  10,10,9.7193
VAL  11,11,-10.4608
HID  12,12,14.2425
GLN  13,13,-55.2112
ALA  14,14,7.2742
ILE  15,15,10.5182
SER  16,16,7.8753
PRO  17,17,22.8896
ARG  18,18,-162.7138
THR  19,19,-21.1155
LEU  20,20,-12.2213
ASN  21,21,-71.2991
ALA  22,22,6.2370
TRP  23,23,17.6936
VAL  24,24,-3.4993
LYS  25,25,-4.2509
VAL  26,26,-13.0976
VAL  27,27,-13.2783
GLU  28,28,-62.9117
GLU  29,29,-50.9693
LYS  30,30,-5.2381
ALA  31,31,2.3001
PHE  32,32,12.2437
SER  33,33,8.5212
PRO  34,34,14.2565
GLU  35,35,-59.6978
VAL  36,36,-11.1336
ILE  37,37,19.7605
PRO  38,38,16.3105
MET  39,39,6.8197
PHE  40,40,4.1055
SER  41,41,0.5504
ALA  42,42,8.9248
LEU  43,43,-10.7984
SER  44,44,-8.3399
GLU  45,45,-58.9222
GLY  46,46,-3.4201
ALA  47,47,5.4275
THR  48,48,-9.5139
PRO  49,49,10.4021
GLN  50,50,-56.5540
ASP  51,51,-61.5026
LEU  52,52,-16.2782
ASN  53,53,-75.9442
THR  54,54,-20.1377
MET  55,55,3.1601
LEU  56,56,-12.1696
ASN  57,57,-71.6025
THR  58,58,-15.2285
VAL  59,59,-8.5595
ALA  60,60,18.4139
PRO  61,61,15.8586
HID  62,62,13.8190
GLN  63,63,-51.3379
ALA  64,64,8.5120
ALA  65,65,6.1434
ALA  66,66,5.8873
GLN  67,67,-51.9874
MET  68,68,6.6074
LEU  69,69,-6.8057
LYS  70,70,-7.8627
GLU  71,71,-65.6530
THR  72,72,-21.3716
ILE  73,73,9.5196
ASN  74,74,-73.6503
GLU  75,75,-62.1582
GLU  76,76,-57.1580
ALA  77,77,4.0682
ALA  78,78,3.8627
GLU  79,79,-56.9910
TRP  80,80,13.0436
ASP  81,81,-52.3184
ARG  82,82,-169.5213
LEU  83,83,-14.9276
HID  84,84,23.3796
PRO  85,85,19.5966
VAL  86,86,-5.7737
HID  87,87,16.9432
ALA  88,88,9.0994
GLY  89,89,9.1697
PRO  90,90,19.2760
ILE  91,91,13.0501
ALA  92,92,18.3374
PRO  93,93,18.6744
GLY  94,94,-2.6286
GLN  95,95,-52.6306
MET  96,96,14.3476
ARG  97,97,-185.8429
GLU  98,98,-52.7813
PRO  99,99,17.3352
ARG 100,100,-174.6961
GLY 101,101,-9.6705
SER 102,102,-4.4633
ASP 103,103,-54.8162
ILE 104,104,7.8087
ALA 105,105,2.0596
GLY 106,106,-3.9923
THR 107,107,-16.9179
THR 108,108,-21.1929
SER 109,109,-1.0158
THR 110,110,-16.3651
LEU 111,111,-10.4612
GLN 112,112,-55.4715
GLU 113,113,-54.7366
GLN 114,114,-58.5664
ILE 115,115,6.7791
GLY 116,116,-3.4349
TRP 117,117,13.8881
MET 118,118,5.6153
THR 119,119,-20.3863
HID 120,120,15.5740
ASN 121,121,-54.7850
PRO 122,122,26.9842
PRO 123,123,15.9092
ILE 124,124,25.3093
PRO 125,125,18.7686
VAL 126,126,-11.8494
GLY 127,127,-6.9676
GLU 128,128,-58.5869
ILE 129,129,9.7333
TYR 130,130,-9.9517
LYS 131,131,-2.8732
ARG 132,132,-171.6702
TRP 133,133,12.3054
ILE 134,134,6.0639
ILE 135,135,8.9508
LEU 136,136,-13.1221
GLY 137,137,-4.5193
LEU 138,138,-14.1510
ASN 139,139,-65.3075
LYS 140,140,-2.5087
ILE 141,141,5.7777
VAL 142,142,-4.1396
ARG 143,143,-163.8021
MET 144,144,3.2861
TYR 145,145,-6.5765
SER 146,146,12.9652
PRO 147,147,15.1086
THR 148,148,-17.0209
SER 149,149,2.6183
ILE 150,150,24.7133
LEU   1,1,-5.0614
ASP   2,2,-64.5318
ILE   3,3,21.4461
ARG   4,4,-166.7599
GLN   5,5,-66.9582
GLY   6,6,6.9195
PRO   7,7,23.8221
LYS   8,8,-3.7162
GLU   9,9,-47.3181
PRO  10,10,14.9770
PHE  11,11,16.2707
ARG  12,12,-172.5775
ASP  13,13,-70.4778
TYR  14,14,-14.0549
VAL  15,15,-13.6370
ASP  16,16,-57.6571
ARG  17,17,-179.1387
PHE  18,18,0.4370
TYR  19,19,-2.7512
LYS  20,20,-9.1874
THR  21,21,-20.6484
LEU  22,22,-5.7190
ARG  23,23,-162.9261
ALA  24,24,0.4942
GLU  25,25,-61.0509
GLN  26,26,-52.1469
ALA  27,27,5.5138
SER  28,28,-0.8375
GLN  29,29,-54.1797
GLU  30,30,-59.0488
VAL  31,31,-4.0385
LYS  32,32,-6.0836
ASN  33,33,-73.3534
TRP  34,34,18.8104
MET  35,35,4.7421
THR  36,36,-21.5473
GLU  37,37,-61.4690
THR  38,38,-14.5663
LEU  39,39,-7.6360
LEU  40,40,-14.7110
VAL  41,41,-10.0791
GLN  42,42,-55.3038
ASN  43,43,-73.3701
ALA  44,44,2.9998
ASN  45,45,-61.5501
PRO  46,46,13.9148
ASP  47,47,-64.4972
CYX  48,48,11.0008
LYS  49,49,-6.3337
THR  50,50,-20.5454
ILE  51,51,13.7502
LEU  52,52,-8.3474
LYS  53,53,-3.4685
ALA  54,54,4.4116
LEU  55,55,-11.1111
GLY  56,56,8.0086
PRO  57,57,17.7507
GLY  58,58,-2.5147
ALA  59,59,6.1435
THR  60,60,-12.6666
LEU  61,61,-12.0332
GLU  62,62,-62.3204
GLU  63,63,-61.2757
MET  64,64,6.7254
MET  65,65,5.3619
THR  66,66,-18.8119
ALA  67,67,5.4417
CYX  68,68,5.5896
GLN  69,69,-51.7521
GLY  70,70,5.9554
VAL  71,71,-99.3879
PRO   1,1,-0.0367
ILE   2,2,-0.0012
VAL   3,3,-0.0001
GLN   4,4,-0.0008
ASN   5,5,-0.0002
LEU   6,6,-0.0001
GLN   7,7,-0.0002
GLY   8,8,0.0002
GLN   9,9,-0.0005
MET  10,10,0.0003
VAL  11,11,-0.0009
HID  12,12,-0.0003
GLN  13,13,-0.0009
ALA  14,14,-0.0018
ILE  15,15,0.0009
SER  16,16,-0.0085
PRO  17,17,-0.0100
ARG  18,18,-0.0158
THR  19,19,-0.0186
LEU  20,20,-0.0229
ASN  21,21,-0.1020
ALA  22,22,-0.0605
TRP  23,23,-0.0438
VAL  24,24,-0.0798
LYS  25,25,0.7460
VAL  26,26,-0.1150
VAL  27,27,-0.0420
GLU  28,28,1.0815
GLU  29,29,5.3361
LYS  30,30,0.0422
ALA  31,31,-0.1909
PHE  32,32,-0.0885
SER  33,33,-0.1102
PRO  34,34,-0.0496
GLU  35,35,0.4610
VAL  36,36,-0.0500
ILE  37,37,-0.0190
PRO  38,38,-0.0179
MET  39,39,-0.0779
PHE  40,40,-0.0121
SER  41,41,-0.0031
ALA  42,42,-0.0001
LEU  43,43,-0.0061
SER  44,44,-0.0004
GLU  45,45,0.0247
GLY  46,46,0.0007
ALA  47,47,-0.0005
THR  48,48,-0.0017
PRO  49,49,-0.0011
GLN  50,50,-0.0010
ASP  51,51,0.0421
LEU  52,52,0.0023
ASN  53,53,-0.0015
THR  54,54,-0.0023
MET  55,55,-0.0046
LEU  56,56,-0.0008
ASN  57,57,-0.0015
THR  58,58,-0.0094
VAL  59,59,-0.0078
ALA  60,60,-0.0035
PRO  61,61,-0.0126
HID  62,62,-0.0616
GLN  63,63,-0.0865
ALA  64,64,-0.0145
ALA  65,65,-0.0117
ALA  66,66,-0.0057
GLN  67,67,-0.0044
MET  68,68,-0.0059
LEU  69,69,-0.0064
LYS  70,70,-0.0496
GLU  71,71,0.0518
THR  72,72,-0.0020
ILE  73,73,-0.0013
ASN  74,74,-0.0011
GLU  75,75,0.0516
GLU  76,76,0.0466
ALA  77,77,-0.0003
ALA  78,78,-0.0004
GLU  79,79,0.0496
TRP  80,80,-0.0004
ASP  81,81,0.0444
ARG  82,82,-0.0492
LEU  83,83,-0.0001
HID  84,84,-0.0002
PRO  85,85,-0.0003
VAL  86,86,0.0001
HID  87,87,-0.0003
ALA  88,88,-0.0000
GLY  89,89,0.0005
PRO  90,90,-0.0000
ILE  91,91,-0.0006
ALA  92,92,0.0006
PRO  93,93,-0.0000
GLY  94,94,0.0004
GLN  95,95,-0.0002
MET  96,96,-0.0002
ARG  97,97,-0.0505
GLU  98,98,0.0461
PRO  99,99,-0.0007
ARG 100,100,-0.0425
GLY 101,101,-0.0001
SER 102,102,-0.0002
ASP 103,103,0.0464
ILE 104,104,0.0003
ALA 105,105,-0.0007
GLY 106,106,0.0002
THR 107,107,0.0004
THR 108,108,-0.0004
SER 109,109,-0.0007
THR 110,110,0.0003
LEU 111,111,-0.0002
GLN 112,112,0.0002
GLU 113,113,0.0514
GLN 114,114,0.0006
ILE 115,115,-0.0007
GLY 116,116,-0.0005
TRP 117,117,-0.0008
MET 118,118,-0.0001
THR 119,119,-0.0004
HID 120,120,-0.0001
ASN 121,121,-0.0000
PRO 122,122,0.0001
PRO 123,123,-0.0004
ILE 124,124,0.0006
PRO 125,125,-0.0009
VAL 126,126,-0.0010
GLY 127,127,-0.0001
GLU 128,128,0.0306
ILE 129,129,-0.0007
TYR 130,130,0.0006
LYS 131,131,-0.0291
ARG 132,132,-0.0475
TRP 133,133,0.0013
ILE 134,134,0.0009
ILE 135,135,0.0021
LEU 136,136,0.0012
GLY 137,137,0.0015
LEU 138,138,-0.0005
ASN 139,139,0.0058
LYS 140,140,-0.0680
ILE 141,141,-0.0092
VAL 142,142,-0.0056
ARG 143,143,-0.1084
MET 144,144,-0.0173
TYR 145,145,-0.0761
SER 146,146,0.0070
PRO 147,147,-0.0503
THR 148,148,-0.0208
SER 149,149,-2.9670
ILE 150,150,-11.2921
LEU 151,151,-5.8331
ASP 152,152,1.7074
ILE 153,153,-1.9937
ARG 154,154,-0.2591
GLN 155,155,-0.0253
GLY 156,156,-0.0170
PRO 157,157,-0.0189
LYS 158,158,-0.1166
GLU 159,159,0.2208
PRO 160,160,0.0132
PHE 161,161,0.0098
ARG 162,162,0.0069
ASP 163,163,0.0705
TYR 164,164,0.0200
VAL 165,165,-0.0168
ASP 166,166,-0.0406
ARG 167,167,-0.8479
PHE 168,168,-1.0387
TYR 169,169,-0.1681
LYS 170,170,-2.0284
THR 171,171,-1.8010
LEU 172,172,-1.1823
ARG 173,173,-6.2579
ALA 174,174,-2.2227
GLU 175,175,2.6185
GLN 176,176,0.1339
ALA 177,177,-0.0760
SER 178,178,-0.0296
GLN 179,179,-0.0129
GLU 180,180,0.0272
VAL 181,181,-0.0544
LYS 182,182,-0.0670
ASN 183,183,-0.0107
TRP 184,184,-0.0363
MET 185,185,-0.5657
THR 186,186,-0.0143
GLU 187,187,-0.0043
THR 188,188,-0.0160
LEU 189,189,-0.6368
LEU 190,190,-0.0246
VAL 191,191,0.0023
GLN 192,192,-0.0674
ASN 193,193,-0.3182
ALA 194,194,-0.0154
ASN 195,195,0.0024
PRO 196,196,-0.0051
ASP 197,197,0.0400
CYX 198,198,-0.0068
LYS 199,199,-0.0569
THR 200,200,-0.0029
ILE 201,201,-0.0040
LEU 202,202,-0.0054
LYS 203,203,-0.0187
ALA 204,204,-0.0013
LEU 205,205,0.0001
GLY 206,206,0.0017
PRO 207,207,-0.0020
GLY 208,208,-0.0034
ALA 209,209,-0.0019
THR 210,210,0.0044
LEU 211,211,0.0003
GLU 212,212,-0.0488
GLU 213,213,-0.0057
MET 214,214,0.0001
MET 215,215,-0.0060
THR 216,216,-0.0013
ALA 217,217,-0.0022
CYX 218,218,-0.0037
GLN 219,219,0.0014
GLY 220,220,-0.0053
VAL 221,221,0.0455
