Residue Name,Residue Number,Binding Free Energy (kcal/mol)
PRO   1,1,-3.5286
ILE   2,2,13.8167
VAL   3,3,-9.1256
GLN   4,4,-54.4483
ASN   5,5,-66.7393
LEU   6,6,-6.7712
GLN   7,7,-53.1173
GLY   8,8,-3.0394
GLN   9,9,-53.9574
MET  10,10,10.0650
VAL  11,11,-9.4382
HID  12,12,13.1971
GLN  13,13,-54.0044
ALA  14,14,8.0723
ILE  15,15,10.6787
SER  16,16,6.8761
PRO  17,17,22.7569
ARG  18,18,-162.4685
THR  19,19,-20.1589
LEU  20,20,-12.1760
ASN  21,21,-71.2415
ALA  22,22,6.0187
TRP  23,23,15.5905
VAL  24,24,-3.8576
LYS  25,25,-4.1005
VAL  26,26,-13.3576
VAL  27,27,-14.9158
GLU  28,28,-63.4155
GLU  29,29,-54.3277
LYS  30,30,-6.8841
ALA  31,31,4.4327
PHE  32,32,13.8797
SER  33,33,8.5551
PRO  34,34,11.5217
GLU  35,35,-57.2384
VAL  36,36,-11.2897
ILE  37,37,19.9952
PRO  38,38,15.7819
MET  39,39,7.2260
PHE  40,40,4.6748
SER  41,41,-0.8319
ALA  42,42,8.5184
LEU  43,43,-10.5832
SER  44,44,-8.2078
GLU  45,45,-58.3086
GLY  46,46,-2.6588
ALA  47,47,5.4833
THR  48,48,-8.7998
PRO  49,49,12.1745
GLN  50,50,-58.5570
ASP  51,51,-59.3330
LEU  52,52,-15.9394
ASN  53,53,-74.2753
THR  54,54,-20.1549
MET  55,55,3.8473
LEU  56,56,-9.9626
ASN  57,57,-72.1013
THR  58,58,-14.0332
VAL  59,59,-6.4362
ALA  60,60,18.0479
PRO  61,61,17.2135
HID  62,62,18.9495
GLN  63,63,-51.2668
ALA  64,64,7.1908
ALA  65,65,6.9718
ALA  66,66,5.2167
GLN  67,67,-54.7587
MET  68,68,5.4310
LEU  69,69,-7.7234
LYS  70,70,-8.4227
GLU  71,71,-66.0308
THR  72,72,-19.1885
ILE  73,73,9.3405
ASN  74,74,-72.5667
GLU  75,75,-61.1854
GLU  76,76,-60.9920
ALA  77,77,3.5713
ALA  78,78,3.7514
GLU  79,79,-58.1291
TRP  80,80,12.1938
ASP  81,81,-50.4139
ARG  82,82,-171.5609
LEU  83,83,-14.6203
HID  84,84,23.7594
PRO  85,85,19.2320
VAL  86,86,-6.7514
HID  87,87,16.7044
ALA  88,88,8.4529
GLY  89,89,10.3027
PRO  90,90,18.5959
ILE  91,91,11.7112
ALA  92,92,18.4289
PRO  93,93,18.5754
GLY  94,94,-2.4411
GLN  95,95,-53.1162
MET  96,96,15.3206
ARG  97,97,-185.8977
GLU  98,98,-53.2623
PRO  99,99,18.0254
ARG 100,100,-172.5682
GLY 101,101,-9.5615
SER 102,102,-5.0843
ASP 103,103,-53.3053
ILE 104,104,8.8456
ALA 105,105,2.7461
GLY 106,106,-4.0117
THR 107,107,-16.5588
THR 108,108,-20.8960
SER 109,109,-2.3004
THR 110,110,-16.3003
LEU 111,111,-7.7349
GLN 112,112,-55.3174
GLU 113,113,-55.0378
GLN 114,114,-55.0328
ILE 115,115,5.5836
GLY 116,116,-3.1706
TRP 117,117,13.6267
MET 118,118,3.6309
THR 119,119,-20.6505
HID 120,120,14.6349
ASN 121,121,-55.0471
PRO 122,122,26.8157
PRO 123,123,15.7730
ILE 124,124,21.9625
PRO 125,125,18.3455
VAL 126,126,-10.2999
GLY 127,127,-5.3803
GLU 128,128,-57.0929
ILE 129,129,8.0162
TYR 130,130,-7.9167
LYS 131,131,-3.0282
ARG 132,132,-165.2002
TRP 133,133,10.4669
ILE 134,134,6.6515
ILE 135,135,9.5963
LEU 136,136,-13.0449
GLY 137,137,-3.7968
LEU 138,138,-15.0919
ASN 139,139,-65.5706
LYS 140,140,-3.1476
ILE 141,141,3.6372
VAL 142,142,-6.0558
ARG 143,143,-173.8984
MET 144,144,3.6373
TYR 145,145,-9.8432
SER 146,146,12.5421
PRO 147,147,17.3081
THR 148,148,-14.2501
SER 149,149,0.6163
ILE 150,150,13.3912
LEU 151,151,-12.7911
ASP 152,152,-65.3772
ILE 153,153,14.2028
ARG 154,154,-171.3885
GLN 155,155,-65.9739
GLY 156,156,8.0538
PRO 157,157,23.6236
LYS 158,158,-3.5720
GLU 159,159,-45.2555
PRO 160,160,16.8048
PHE 161,161,16.0945
ARG 162,162,-170.0890
ASP 163,163,-69.7436
TYR 164,164,-14.3554
VAL 165,165,-13.3790
ASP 166,166,-58.5725
ARG 167,167,-179.0676
PHE 168,168,1.3534
TYR 169,169,-4.2365
LYS 170,170,-5.8884
THR 171,171,-21.7817
LEU 172,172,-7.2302
ARG 173,173,-162.2435
ALA 174,174,-1.0575
GLU 175,175,-56.6982
GLN 176,176,-51.6955
ALA 177,177,5.7890
SER 178,178,-0.7614
GLN 179,179,-55.5457
GLU 180,180,-59.3804
VAL 181,181,-3.8779
LYS 182,182,-4.5443
ASN 183,183,-74.8799
TRP 184,184,16.8646
MET 185,185,3.2584
THR 186,186,-19.4964
GLU 187,187,-59.3039
THR 188,188,-13.8129
LEU 189,189,-8.1118
LEU 190,190,-13.2789
VAL 191,191,-11.3650
GLN 192,192,-55.8159
ASN 193,193,-72.6222
ALA 194,194,4.6173
ASN 195,195,-61.7587
PRO 196,196,15.4849
ASP 197,197,-65.5154
CYX 198,198,11.1807
LYS 199,199,-3.9422
THR 200,200,-19.7236
ILE 201,201,14.6725
LEU 202,202,-8.9189
LYS 203,203,-3.5650
ALA 204,204,4.2150
LEU 205,205,-11.1966
GLY 206,206,9.0823
PRO 207,207,14.2087
GLY 208,208,-3.4179
ALA 209,209,5.2374
THR 210,210,-14.9462
LEU 211,211,-10.9414
GLU 212,212,-62.5634
GLU 213,213,-59.1986
MET 214,214,6.1861
MET 215,215,7.5524
THR 216,216,-17.4693
ALA 217,217,6.1834
CYX 218,218,9.1017
GLN 219,219,-51.6600
GLY 220,220,7.0113
VAL 221,221,-98.8687
PRO   1,1,-3.5194
ILE   2,2,13.8176
VAL   3,3,-9.1253
GLN   4,4,-54.4476
ASN   5,5,-66.7399
LEU   6,6,-6.7713
GLN   7,7,-53.1174
GLY   8,8,-3.0396
GLN   9,9,-53.9571
MET  10,10,10.0642
VAL  11,11,-9.4376
HID  12,12,13.1964
GLN  13,13,-54.0043
ALA  14,14,8.0723
ILE  15,15,10.6780
SER  16,16,6.8796
PRO  17,17,22.7597
ARG  18,18,-162.4596
THR  19,19,-20.1547
LEU  20,20,-12.1703
ASN  21,21,-71.2371
ALA  22,22,6.0239
TRP  23,23,15.6118
VAL  24,24,-3.8501
LYS  25,25,-4.1052
VAL  26,26,-13.3383
VAL  27,27,-14.8996
GLU  28,28,-63.3757
GLU  29,29,-54.2600
LYS  30,30,-6.9367
ALA  31,31,4.3872
PHE  32,32,13.9290
SER  33,33,9.8501
PRO  34,34,13.8595
GLU  35,35,-57.1660
VAL  36,36,-11.2846
ILE  37,37,20.1861
PRO  38,38,15.8586
MET  39,39,7.2194
PHE  40,40,4.6544
SER  41,41,-0.8522
ALA  42,42,8.5098
LEU  43,43,-10.5927
SER  44,44,-8.2142
GLU  45,45,-58.2606
GLY  46,46,-2.6619
ALA  47,47,5.4819
THR  48,48,-8.7954
PRO  49,49,12.1778
GLN  50,50,-58.5548
ASP  51,51,-59.3337
LEU  52,52,-15.9332
ASN  53,53,-74.2706
THR  54,54,-20.1554
MET  55,55,3.8496
LEU  56,56,-9.9579
ASN  57,57,-72.1021
THR  58,58,-14.0301
VAL  59,59,-6.4264
ALA  60,60,18.0504
PRO  61,61,17.2131
HID  62,62,18.9577
GLN  63,63,-51.2620
ALA  64,64,7.1899
ALA  65,65,6.9739
ALA  66,66,5.2201
GLN  67,67,-54.7514
MET  68,68,5.4384
LEU  69,69,-7.7240
LYS  70,70,-8.4047
GLU  71,71,-66.0887
THR  72,72,-19.1942
ILE  73,73,9.3415
ASN  74,74,-72.5597
GLU  75,75,-61.2767
GLU  76,76,-61.0600
ALA  77,77,3.5724
ALA  78,78,3.7538
GLU  79,79,-58.1967
TRP  80,80,12.1946
ASP  81,81,-50.4387
ARG  82,82,-171.4938
LEU  83,83,-14.6191
HID  84,84,23.7600
PRO  85,85,19.2342
VAL  86,86,-6.7511
HID  87,87,16.7035
ALA  88,88,8.4533
GLY  89,89,10.3022
PRO  90,90,18.5965
ILE  91,91,11.7115
ALA  92,92,18.4277
PRO  93,93,18.5763
GLY  94,94,-2.4411
GLN  95,95,-53.1174
MET  96,96,15.3221
ARG  97,97,-185.8676
GLU  98,98,-53.2856
PRO  99,99,18.0267
ARG 100,100,-172.5407
GLY 101,101,-9.5597
SER 102,102,-5.0840
ASP 103,103,-53.3211
ILE 104,104,8.8477
ALA 105,105,2.7474
GLY 106,106,-4.0121
THR 107,107,-16.5591
THR 108,108,-20.8960
SER 109,109,-2.2999
THR 110,110,-16.3004
LEU 111,111,-7.7349
GLN 112,112,-55.3182
GLU 113,113,-55.0669
GLN 114,114,-55.0325
ILE 115,115,5.5851
GLY 116,116,-3.1698
TRP 117,117,13.6285
MET 118,118,3.6323
THR 119,119,-20.6515
HID 120,120,14.6346
ASN 121,121,-55.0466
PRO 122,122,26.8157
PRO 123,123,15.7740
ILE 124,124,21.9627
PRO 125,125,18.3491
VAL 126,126,-10.2956
GLY 127,127,-5.3728
GLU 128,128,-57.0297
ILE 129,129,8.0264
TYR 130,130,-7.9039
LYS 131,131,-3.0786
ARG 132,132,-165.3162
TRP 133,133,10.4845
ILE 134,134,6.6732
ILE 135,135,9.7495
LEU 136,136,-12.9466
GLY 137,137,-3.8033
LEU 138,138,-15.0595
ASN 139,139,-65.6309
LYS 140,140,-2.9357
ILE 141,141,3.6597
VAL 142,142,-5.2112
ARG 143,143,-163.6018
MET 144,144,3.7014
TYR 145,145,-9.7632
SER 146,146,11.7324
PRO 147,147,17.7531
THR 148,148,-14.2957
SER 149,149,3.7249
ILE 150,150,23.6076
LEU   1,1,-6.9980
ASP   2,2,-65.0733
ILE   3,3,16.8977
ARG   4,4,-170.5156
GLN   5,5,-65.9595
GLY   6,6,8.0577
PRO   7,7,23.6297
LYS   8,8,-3.4564
GLU   9,9,-45.3504
PRO  10,10,16.8073
PHE  11,11,16.1016
ARG  12,12,-169.9729
ASP  13,13,-69.8491
TYR  14,14,-14.2951
VAL  15,15,-13.3230
ASP  16,16,-58.5937
ARG  17,17,-179.0706
PHE  18,18,2.3125
TYR  19,19,-3.7419
LYS  20,20,-3.9687
THR  21,21,-20.5571
LEU  22,22,-6.2116
ARG  23,23,-162.8182
ALA  24,24,0.8109
GLU  25,25,-62.4851
GLN  26,26,-51.6673
ALA  27,27,5.8914
SER  28,28,-0.6959
GLN  29,29,-55.5138
GLU  30,30,-59.4732
VAL  31,31,-3.8076
LYS  32,32,-4.4860
ASN  33,33,-74.8636
TRP  34,34,16.9060
MET  35,35,3.8688
THR  36,36,-19.4772
GLU  37,37,-59.3843
THR  38,38,-13.7886
LEU  39,39,-7.4824
LEU  40,40,-13.2622
VAL  41,41,-11.3558
GLN  42,42,-55.7366
ASN  43,43,-71.8784
ALA  44,44,4.6233
ASN  45,45,-61.7544
PRO  46,46,15.4877
ASP  47,47,-65.6139
CYX  48,48,11.1835
LYS  49,49,-3.8160
THR  50,50,-19.7230
ILE  51,51,14.6752
LEU  52,52,-8.9111
LYS  53,53,-3.4680
ALA  54,54,4.2170
LEU  55,55,-11.1935
GLY  56,56,9.0861
PRO  57,57,14.2167
GLY  58,58,-3.4154
ALA  59,59,5.2412
THR  60,60,-14.9472
LEU  61,61,-10.9374
GLU  62,62,-62.6205
GLU  63,63,-59.2664
MET  64,64,6.1846
MET  65,65,7.5527
THR  66,66,-17.4696
ALA  67,67,6.1852
CYX  68,68,9.1026
GLN  69,69,-51.6595
GLY  70,70,7.0112
VAL  71,71,-98.9520
PRO   1,1,-0.0092
ILE   2,2,-0.0009
VAL   3,3,-0.0003
GLN   4,4,-0.0007
ASN   5,5,0.0006
LEU   6,6,0.0002
GLN   7,7,0.0001
GLY   8,8,0.0002
GLN   9,9,-0.0003
MET  10,10,0.0008
VAL  11,11,-0.0006
HID  12,12,0.0006
GLN  13,13,-0.0002
ALA  14,14,0.0001
ILE  15,15,0.0007
SER  16,16,-0.0035
PRO  17,17,-0.0028
ARG  18,18,-0.0089
THR  19,19,-0.0043
LEU  20,20,-0.0057
ASN  21,21,-0.0044
ALA  22,22,-0.0052
TRP  23,23,-0.0213
VAL  24,24,-0.0075
LYS  25,25,0.0048
VAL  26,26,-0.0192
VAL  27,27,-0.0162
GLU  28,28,-0.0398
GLU  29,29,-0.0677
LYS  30,30,0.0527
ALA  31,31,0.0455
PHE  32,32,-0.0493
SER  33,33,-1.2950
PRO  34,34,-2.3378
GLU  35,35,-0.0724
VAL  36,36,-0.0050
ILE  37,37,-0.1909
PRO  38,38,-0.0767
MET  39,39,0.0066
PHE  40,40,0.0204
SER  41,41,0.0203
ALA  42,42,0.0086
LEU  43,43,0.0095
SER  44,44,0.0063
GLU  45,45,-0.0480
GLY  46,46,0.0030
ALA  47,47,0.0013
THR  48,48,-0.0044
PRO  49,49,-0.0033
GLN  50,50,-0.0021
ASP  51,51,0.0007
LEU  52,52,-0.0062
ASN  53,53,-0.0047
THR  54,54,0.0005
MET  55,55,-0.0023
LEU  56,56,-0.0048
ASN  57,57,0.0008
THR  58,58,-0.0031
VAL  59,59,-0.0098
ALA  60,60,-0.0025
PRO  61,61,0.0004
HID  62,62,-0.0083
GLN  63,63,-0.0048
ALA  64,64,0.0009
ALA  65,65,-0.0021
ALA  66,66,-0.0034
GLN  67,67,-0.0073
MET  68,68,-0.0074
LEU  69,69,0.0006
LYS  70,70,-0.0180
GLU  71,71,0.0578
THR  72,72,0.0057
ILE  73,73,-0.0010
ASN  74,74,-0.0070
GLU  75,75,0.0912
GLU  76,76,0.0680
ALA  77,77,-0.0011
ALA  78,78,-0.0024
GLU  79,79,0.0676
TRP  80,80,-0.0008
ASP  81,81,0.0248
ARG  82,82,-0.0671
LEU  83,83,-0.0012
HID  84,84,-0.0006
PRO  85,85,-0.0022
VAL  86,86,-0.0003
HID  87,87,0.0009
ALA  88,88,-0.0004
GLY  89,89,0.0005
PRO  90,90,-0.0007
ILE  91,91,-0.0003
ALA  92,92,0.0012
PRO  93,93,-0.0009
GLY  94,94,0.0000
GLN  95,95,0.0012
MET  96,96,-0.0015
ARG  97,97,-0.0301
GLU  98,98,0.0234
PRO  99,99,-0.0013
ARG 100,100,-0.0276
GLY 101,101,-0.0018
SER 102,102,-0.0003
ASP 103,103,0.0158
ILE 104,104,-0.0021
ALA 105,105,-0.0013
GLY 106,106,0.0004
THR 107,107,0.0003
THR 108,108,0.0000
SER 109,109,-0.0004
THR 110,110,0.0001
LEU 111,111,0.0000
GLN 112,112,0.0008
GLU 113,113,0.0291
GLN 114,114,-0.0003
ILE 115,115,-0.0014
GLY 116,116,-0.0008
TRP 117,117,-0.0018
MET 118,118,-0.0014
THR 119,119,0.0010
HID 120,120,0.0003
ASN 121,121,-0.0005
PRO 122,122,-0.0001
PRO 123,123,-0.0010
ILE 124,124,-0.0002
PRO 125,125,-0.0036
VAL 126,126,-0.0043
GLY 127,127,-0.0075
GLU 128,128,-0.0632
ILE 129,129,-0.0102
TYR 130,130,-0.0128
LYS 131,131,0.0503
ARG 132,132,0.1160
TRP 133,133,-0.0176
ILE 134,134,-0.0217
ILE 135,135,-0.1532
LEU 136,136,-0.0983
GLY 137,137,0.0065
LEU 138,138,-0.0325
ASN 139,139,0.0603
LYS 140,140,-0.2118
ILE 141,141,-0.0225
VAL 142,142,-0.8446
ARG 143,143,-10.2967
MET 144,144,-0.0641
TYR 145,145,-0.0800
SER 146,146,0.8097
PRO 147,147,-0.4450
THR 148,148,0.0456
SER 149,149,-3.1086
ILE 150,150,-10.2165
LEU 151,151,-5.7931
ASP 152,152,-0.3039
ILE 153,153,-2.6950
ARG 154,154,-0.8729
GLN 155,155,-0.0144
GLY 156,156,-0.0039
PRO 157,157,-0.0061
LYS 158,158,-0.1157
GLU 159,159,0.0950
PRO 160,160,-0.0025
PHE 161,161,-0.0071
ARG 162,162,-0.1161
ASP 163,163,0.1055
TYR 164,164,-0.0603
VAL 165,165,-0.0560
ASP 166,166,0.0212
ARG 167,167,0.0030
PHE 168,168,-0.9591
TYR 169,169,-0.4946
LYS 170,170,-1.9198
THR 171,171,-1.2246
LEU 172,172,-1.0186
ARG 173,173,0.5747
ALA 174,174,-1.8684
GLU 175,175,5.7869
GLN 176,176,-0.0282
ALA 177,177,-0.1024
SER 178,178,-0.0654
GLN 179,179,-0.0319
GLU 180,180,0.0928
VAL 181,181,-0.0703
LYS 182,182,-0.0583
ASN 183,183,-0.0164
TRP 184,184,-0.0414
MET 185,185,-0.6104
THR 186,186,-0.0191
GLU 187,187,0.0804
THR 188,188,-0.0244
LEU 189,189,-0.6294
LEU 190,190,-0.0167
VAL 191,191,-0.0092
GLN 192,192,-0.0793
ASN 193,193,-0.7439
ALA 194,194,-0.0061
ASN 195,195,-0.0043
PRO 196,196,-0.0028
ASP 197,197,0.0985
CYX 198,198,-0.0028
LYS 199,199,-0.1262
THR 200,200,-0.0006
ILE 201,201,-0.0028
LEU 202,202,-0.0078
LYS 203,203,-0.0971
ALA 204,204,-0.0019
LEU 205,205,-0.0031
GLY 206,206,-0.0038
PRO 207,207,-0.0080
GLY 208,208,-0.0025
ALA 209,209,-0.0038
THR 210,210,0.0010
LEU 211,211,-0.0041
GLU 212,212,0.0571
GLU 213,213,0.0679
MET 214,214,0.0014
MET 215,215,-0.0003
THR 216,216,0.0002
ALA 217,217,-0.0019
CYX 218,218,-0.0009
GLN 219,219,-0.0005
GLY 220,220,0.0001
VAL 221,221,0.0834
