Residue Name,Residue Number,Binding Free Energy (kcal/mol)
PRO   1,1,-0.0597
ILE   2,2,-0.0011
VAL   3,3,0.0001
GLN   4,4,-0.0009
ASN   5,5,0.0000
LEU   6,6,0.0001
GLN   7,7,-0.0004
GLY   8,8,0.0002
GLN   9,9,-0.0011
MET  10,10,-0.0005
VAL  11,11,-0.0003
HID  12,12,-0.0002
GLN  13,13,-0.0004
ALA  14,14,-0.0015
ILE  15,15,0.0004
SER  16,16,-0.0020
PRO  17,17,-0.0009
ARG  18,18,-0.0467
THR  19,19,-0.0078
LEU  20,20,-0.0075
ASN  21,21,-0.0032
ALA  22,22,-0.0091
TRP  23,23,-0.0294
VAL  24,24,-0.0112
LYS  25,25,-0.0224
VAL  26,26,-0.0201
VAL  27,27,-0.0113
GLU  28,28,0.0448
GLU  29,29,0.0001
LYS  30,30,0.1288
ALA  31,31,-0.0309
PHE  32,32,-0.0578
SER  33,33,-0.2172
PRO  34,34,-1.3339
GLU  35,35,0.2237
VAL  36,36,-0.0239
ILE  37,37,-0.1301
PRO  38,38,-0.0379
MET  39,39,0.0160
PHE  40,40,0.0282
SER  41,41,0.0318
ALA  42,42,0.0141
LEU  43,43,0.0130
SER  44,44,0.0101
GLU  45,45,0.0152
GLY  46,46,-0.0000
ALA  47,47,0.0012
THR  48,48,-0.0018
PRO  49,49,-0.0015
GLN  50,50,-0.0003
ASP  51,51,0.0624
LEU  52,52,-0.0045
ASN  53,53,-0.0007
THR  54,54,0.0017
MET  55,55,-0.0007
LEU  56,56,-0.0029
ASN  57,57,0.0026
THR  58,58,0.0064
VAL  59,59,-0.0038
ALA  60,60,0.0005
PRO  61,61,0.0008
HID  62,62,-0.0120
GLN  63,63,-0.0012
ALA  64,64,0.0002
ALA  65,65,-0.0011
ALA  66,66,-0.0027
GLN  67,67,-0.0012
MET  68,68,-0.0284
LEU  69,69,-0.0044
LYS  70,70,-0.0976
GLU  71,71,0.1288
THR  72,72,-0.0040
ILE  73,73,-0.0039
ASN  74,74,-0.0054
GLU  75,75,0.1198
GLU  76,76,0.1062
ALA  77,77,-0.0018
ALA  78,78,-0.0023
GLU  79,79,0.1030
TRP  80,80,-0.0011
ASP  81,81,0.0809
ARG  82,82,-0.1095
LEU  83,83,-0.0022
HID  84,84,-0.0020
PRO  85,85,-0.0008
VAL  86,86,0.0001
HID  87,87,-0.0003
ALA  88,88,0.0005
GLY  89,89,0.0001
PRO  90,90,0.0007
ILE  91,91,-0.0007
ALA  92,92,0.0003
PRO  93,93,0.0003
GLY  94,94,0.0001
GLN  95,95,-0.0008
MET  96,96,-0.0003
ARG  97,97,-0.0720
GLU  98,98,0.0747
PRO  99,99,-0.0001
ARG 100,100,-0.0791
GLY 101,101,-0.0005
SER 102,102,0.0000
ASP 103,103,0.0740
ILE 104,104,-0.0025
ALA 105,105,-0.0004
GLY 106,106,-0.0005
THR 107,107,-0.0011
THR 108,108,-0.0005
SER 109,109,-0.0002
THR 110,110,-0.0002
LEU 111,111,0.0001
GLN 112,112,0.0011
GLU 113,113,0.0706
GLN 114,114,-0.0010
ILE 115,115,-0.0001
GLY 116,116,-0.0000
TRP 117,117,-0.0001
MET 118,118,-0.0005
THR 119,119,-0.0004
HID 120,120,-0.0005
ASN 121,121,0.0003
PRO 122,122,-0.0011
PRO 123,123,0.0005
ILE 124,124,-0.0011
PRO 125,125,-0.0020
VAL 126,126,-0.0017
GLY 127,127,-0.0037
GLU 128,128,0.0268
ILE 129,129,-0.0056
TYR 130,130,-0.0035
LYS 131,131,-0.0072
ARG 132,132,-0.0641
TRP 133,133,-0.0042
ILE 134,134,-0.0047
ILE 135,135,0.0197
LEU 136,136,-0.0337
GLY 137,137,-0.0367
LEU 138,138,-0.2487
ASN 139,139,-1.7966
LYS 140,140,-0.4851
ILE 141,141,-0.0658
VAL 142,142,-1.1818
ARG 143,143,-5.1667
MET 144,144,-0.0705
TYR 145,145,-0.1076
SER 146,146,1.0630
PRO 147,147,-0.4103
THR 148,148,1.9454
SER 149,149,-6.7074
ILE 150,150,-4.7564
LEU 151,151,-1.2138
ASP 152,152,-0.9941
ILE 153,153,-1.4817
ARG 154,154,-0.2293
GLN 155,155,-0.0047
GLY 156,156,0.0005
PRO 157,157,-0.0009
LYS 158,158,-0.0620
GLU 159,159,0.0481
PRO 160,160,0.0002
PHE 161,161,0.0026
ARG 162,162,-0.0287
ASP 163,163,0.0194
TYR 164,164,-0.0503
VAL 165,165,0.0009
ASP 166,166,-0.0787
ARG 167,167,-0.2029
PHE 168,168,-0.0479
TYR 169,169,-0.1525
LYS 170,170,-0.4858
THR 171,171,-1.2988
LEU 172,172,-0.2170
ARG 173,173,2.1815
ALA 174,174,-2.0948
GLU 175,175,2.5892
GLN 176,176,-3.4204
ALA 177,177,-0.1849
SER 178,178,-0.0465
GLN 179,179,-0.0369
GLU 180,180,0.0830
VAL 181,181,-0.0203
LYS 182,182,0.0142
ASN 183,183,-0.0063
TRP 184,184,-0.0184
MET 185,185,-0.0437
THR 186,186,-0.0187
GLU 187,187,0.0008
THR 188,188,-0.0201
LEU 189,189,-0.0642
LEU 190,190,0.0004
VAL 191,191,0.0047
GLN 192,192,-0.0283
ASN 193,193,-0.2458
ALA 194,194,-0.0093
ASN 195,195,-0.0028
PRO 196,196,-0.0029
ASP 197,197,0.0640
CYS 198,198,-0.0059
LYS 199,199,-0.0338
THR 200,200,-0.0076
ILE 201,201,-0.0064
LEU 202,202,-0.0081
LYS 203,203,-0.0201
ALA 204,204,-0.0023
LEU 205,205,-0.0008
GLY 206,206,-0.0030
PRO 207,207,-0.0006
GLY 208,208,0.0020
ALA 209,209,-0.0026
THR 210,210,-0.0023
LEU 211,211,-0.0020
GLU 212,212,0.0099
GLU 213,213,0.0044
MET 214,214,-0.0052
MET 215,215,0.0047
THR 216,216,0.0042
ALA 217,217,0.0045
CYS 218,218,-0.0005
GLN 219,219,0.0001
GLY 220,220,-0.0008
VAL 221,221,0.0515
