Residue Name,Residue Number,Binding Free Energy (kcal/mol)
PRO   1,1,-3.9091
ILE   2,2,12.9617
VAL   3,3,-9.2560
GLN   4,4,-53.5377
ASN   5,5,-66.0088
LEU   6,6,-6.0786
GLN   7,7,-53.5044
GLY   8,8,-3.0222
GLN   9,9,-53.2942
MET  10,10,9.0791
VAL  11,11,-10.5199
HID  12,12,13.4352
GLN  13,13,-55.0282
ALA  14,14,7.7124
ILE  15,15,10.1772
SER  16,16,8.1151
PRO  17,17,23.4050
ARG  18,18,-162.5297
THR  19,19,-20.9009
LEU  20,20,-12.6023
ASN  21,21,-71.5089
ALA  22,22,6.1602
TRP  23,23,15.7054
VAL  24,24,-3.5126
LYS  25,25,-2.8769
VAL  26,26,-13.8924
VAL  27,27,-12.8460
GLU  28,28,-57.4406
GLU  29,29,-49.0658
LYS  30,30,-4.7605
ALA  31,31,3.3580
PHE  32,32,14.9221
SER  33,33,8.9178
PRO  34,34,13.8451
GLU  35,35,-55.3481
VAL  36,36,-10.5374
ILE  37,37,20.7423
PRO  38,38,16.4711
MET  39,39,8.1302
PHE  40,40,5.5227
SER  41,41,-0.6860
ALA  42,42,8.7850
LEU  43,43,-11.0315
SER  44,44,-8.3922
GLU  45,45,-58.2964
GLY  46,46,-2.8090
ALA  47,47,4.5800
THR  48,48,-8.0104
PRO  49,49,10.9172
GLN  50,50,-60.3310
ASP  51,51,-54.1845
LEU  52,52,-16.3809
ASN  53,53,-75.3506
THR  54,54,-17.9093
MET  55,55,4.0166
LEU  56,56,-11.8716
ASN  57,57,-70.8030
THR  58,58,-15.1299
VAL  59,59,-10.0339
ALA  60,60,19.2497
PRO  61,61,15.8420
HID  62,62,16.3638
GLN  63,63,-51.6118
ALA  64,64,6.7138
ALA  65,65,5.2987
ALA  66,66,4.0337
GLN  67,67,-52.9802
MET  68,68,5.5075
LEU  69,69,-7.2434
LYS  70,70,-7.1277
GLU  71,71,-67.0323
THR  72,72,-20.1133
ILE  73,73,9.8811
ASN  74,74,-73.2444
GLU  75,75,-61.3629
GLU  76,76,-59.8405
ALA  77,77,4.1265
ALA  78,78,3.9322
GLU  79,79,-60.7578
TRP  80,80,10.5090
ASP  81,81,-51.7436
ARG  82,82,-172.1734
LEU  83,83,-15.4161
HID  84,84,23.9939
PRO  85,85,18.0922
VAL  86,86,-7.4360
HID  87,87,15.1430
ALA  88,88,8.8296
GLY  89,89,10.1280
PRO  90,90,19.4096
ILE  91,91,11.1627
ALA  92,92,18.4566
PRO  93,93,18.5921
GLY  94,94,-2.4277
GLN  95,95,-51.9161
MET  96,96,14.7335
ARG  97,97,-186.1534
GLU  98,98,-50.5460
PRO  99,99,18.1850
ARG 100,100,-170.9070
GLY 101,101,-9.9528
SER 102,102,-5.0277
ASP 103,103,-57.4661
ILE 104,104,7.8238
ALA 105,105,2.1938
GLY 106,106,-4.2577
THR 107,107,-15.8933
THR 108,108,-21.9786
SER 109,109,-1.1392
THR 110,110,-16.1477
LEU 111,111,-8.2816
GLN 112,112,-56.4976
GLU 113,113,-54.0677
GLN 114,114,-58.5000
ILE 115,115,7.0148
GLY 116,116,-4.3713
TRP 117,117,13.3639
MET 118,118,5.4533
THR 119,119,-19.6262
HID 120,120,15.4578
ASN 121,121,-54.2163
PRO 122,122,26.9661
PRO 123,123,15.3619
ILE 124,124,23.6587
PRO 125,125,17.8534
VAL 126,126,-10.6011
GLY 127,127,-7.2503
GLU 128,128,-57.6086
ILE 129,129,9.4424
TYR 130,130,-9.3805
LYS 131,131,-2.3323
ARG 132,132,-167.1680
TRP 133,133,11.2985
ILE 134,134,6.6191
ILE 135,135,8.8495
LEU 136,136,-12.9310
GLY 137,137,-3.6136
LEU 138,138,-14.6180
ASN 139,139,-66.2642
LYS 140,140,-4.0663
ILE 141,141,4.8632
VAL 142,142,-3.8603
ARG 143,143,-163.7021
MET 144,144,3.3072
TYR 145,145,-12.7986
SER 146,146,11.8077
PRO 147,147,15.8545
THR 148,148,-18.4255
SER 149,149,4.0213
ILE 150,150,16.1818
LEU 151,151,-10.7909
ASP 152,152,-65.1522
ILE 153,153,16.9561
ARG 154,154,-172.6598
GLN 155,155,-68.3031
GLY 156,156,7.5034
PRO 157,157,23.2511
LYS 158,158,-4.0019
GLU 159,159,-47.5082
PRO 160,160,15.6990
PHE 161,161,16.9017
ARG 162,162,-170.8665
ASP 163,163,-70.0210
TYR 164,164,-12.9555
VAL 165,165,-12.9966
ASP 166,166,-58.0629
ARG 167,167,-179.8770
PHE 168,168,0.2725
TYR 169,169,-2.7189
LYS 170,170,-9.8162
THR 171,171,-19.8046
LEU 172,172,-5.8223
ARG 173,173,-170.5123
ALA 174,174,-0.0595
GLU 175,175,-50.4856
GLN 176,176,-54.8941
ALA 177,177,6.3198
SER 178,178,-2.1058
GLN 179,179,-56.8063
GLU 180,180,-59.9624
VAL 181,181,-3.1654
LYS 182,182,-7.3097
ASN 183,183,-73.8955
TRP 184,184,17.8628
MET 185,185,3.7496
THR 186,186,-21.6446
GLU 187,187,-61.0515
THR 188,188,-14.2254
LEU 189,189,-8.0944
LEU 190,190,-13.9722
VAL 191,191,-9.8566
GLN 192,192,-55.5468
ASN 193,193,-75.4254
ALA 194,194,3.0329
ASN 195,195,-61.2110
PRO 196,196,13.8884
ASP 197,197,-64.2734
CYX 198,198,10.9738
LYS 199,199,-7.5387
THR 200,200,-20.9321
ILE 201,201,12.2590
LEU 202,202,-8.7500
LYS 203,203,-2.9384
ALA 204,204,4.4164
LEU 205,205,-10.4476
GLY 206,206,8.0879
PRO 207,207,18.0268
GLY 208,208,-2.4417
ALA 209,209,5.9363
THR 210,210,-14.7920
LEU 211,211,-12.6045
GLU 212,212,-62.1349
GLU 213,213,-57.4009
MET 214,214,6.0959
MET 215,215,4.1070
THR 216,216,-18.5996
ALA 217,217,6.0737
CYX 218,218,4.5835
GLN 219,219,-52.6427
GLY 220,220,6.7432
VAL 221,221,-99.4319
PRO   1,1,-3.8247
ILE   2,2,12.9618
VAL   3,3,-9.2559
GLN   4,4,-53.5381
ASN   5,5,-66.0087
LEU   6,6,-6.0782
GLN   7,7,-53.5042
GLY   8,8,-3.0218
GLN   9,9,-53.2945
MET  10,10,9.0795
VAL  11,11,-10.5201
HID  12,12,13.4358
GLN  13,13,-55.0282
ALA  14,14,7.7118
ILE  15,15,10.1793
SER  16,16,8.1172
PRO  17,17,23.4091
ARG  18,18,-162.4282
THR  19,19,-20.8999
LEU  20,20,-12.5967
ASN  21,21,-71.4890
ALA  22,22,6.1659
TRP  23,23,15.7014
VAL  24,24,-3.5194
LYS  25,25,-2.7979
VAL  26,26,-13.9123
VAL  27,27,-13.0626
GLU  28,28,-60.7620
GLU  29,29,-53.9837
LYS  30,30,-3.9950
ALA  31,31,4.0424
PHE  32,32,15.2867
SER  33,33,9.6605
PRO  34,34,14.0808
GLU  35,35,-55.4670
VAL  36,36,-10.4383
ILE  37,37,20.7584
PRO  38,38,16.4816
MET  39,39,8.1555
PHE  40,40,5.5369
SER  41,41,-0.6798
ALA  42,42,8.7892
LEU  43,43,-11.0226
SER  44,44,-8.3875
GLU  45,45,-58.3810
GLY  46,46,-2.8092
ALA  47,47,4.5814
THR  48,48,-8.0103
PRO  49,49,10.9177
GLN  50,50,-60.3296
ASP  51,51,-54.2657
LEU  52,52,-16.3809
ASN  53,53,-75.3484
THR  54,54,-17.9022
MET  55,55,4.0252
LEU  56,56,-11.8631
ASN  57,57,-70.7911
THR  58,58,-15.1004
VAL  59,59,-9.9892
ALA  60,60,19.2596
PRO  61,61,15.9041
HID  62,62,16.9469
GLN  63,63,-51.5889
ALA  64,64,6.7282
ALA  65,65,5.3128
ALA  66,66,4.0376
GLN  67,67,-52.9723
MET  68,68,5.5171
LEU  69,69,-7.2356
LYS  70,70,-7.0607
GLU  71,71,-67.0997
THR  72,72,-20.1094
ILE  73,73,9.8830
ASN  74,74,-73.2434
GLU  75,75,-61.4320
GLU  76,76,-59.9111
ALA  77,77,4.1272
ALA  78,78,3.9325
GLU  79,79,-60.8252
TRP  80,80,10.5096
ASP  81,81,-51.8087
ARG  82,82,-172.1056
LEU  83,83,-15.4152
HID  84,84,23.9939
PRO  85,85,18.0916
VAL  86,86,-7.4353
HID  87,87,15.1424
ALA  88,88,8.8295
GLY  89,89,10.1274
PRO  90,90,19.4097
ILE  91,91,11.1637
ALA  92,92,18.4553
PRO  93,93,18.5920
GLY  94,94,-2.4282
GLN  95,95,-51.9161
MET  96,96,14.7344
ARG  97,97,-186.0786
GLU  98,98,-50.6147
PRO  99,99,18.1860
ARG 100,100,-170.8421
GLY 101,101,-9.9533
SER 102,102,-5.0278
ASP 103,103,-57.5400
ILE 104,104,7.8231
ALA 105,105,2.1942
GLY 106,106,-4.2578
THR 107,107,-15.8931
THR 108,108,-21.9782
SER 109,109,-1.1389
THR 110,110,-16.1477
LEU 111,111,-8.2815
GLN 112,112,-56.4983
GLU 113,113,-54.1480
GLN 114,114,-58.5001
ILE 115,115,7.0152
GLY 116,116,-4.3706
TRP 117,117,13.3650
MET 118,118,5.4539
THR 119,119,-19.6253
HID 120,120,15.4579
ASN 121,121,-54.2161
PRO 122,122,26.9660
PRO 123,123,15.3627
ILE 124,124,23.6583
PRO 125,125,17.8539
VAL 126,126,-10.6006
GLY 127,127,-7.2509
GLU 128,128,-57.6872
ILE 129,129,9.4418
TYR 130,130,-9.3813
LYS 131,131,-2.2500
ARG 132,132,-167.0860
TRP 133,133,11.2969
ILE 134,134,6.6163
ILE 135,135,8.8438
LEU 136,136,-12.9348
GLY 137,137,-3.6172
LEU 138,138,-14.6286
ASN 139,139,-66.2733
LYS 140,140,-3.9601
ILE 141,141,4.9178
VAL 142,142,-3.7694
ARG 143,143,-163.5469
MET 144,144,3.3750
TYR 145,145,-7.7758
SER 146,146,11.8568
PRO 147,147,18.2284
THR 148,148,-14.4855
SER 149,149,4.5907
ILE 150,150,25.2226
LEU   1,1,-5.3674
ASP   2,2,-64.5446
ILE   3,3,19.2154
ARG   4,4,-172.4110
GLN   5,5,-68.2990
GLY   6,6,7.4990
PRO   7,7,23.2533
LYS   8,8,-3.9222
GLU   9,9,-47.6620
PRO  10,10,15.6867
PHE  11,11,16.8829
ARG  12,12,-170.7629
ASP  13,13,-70.1213
TYR  14,14,-13.0011
VAL  15,15,-13.0189
ASP  16,16,-58.2805
ARG  17,17,-179.5059
PHE  18,18,0.8902
TYR  19,19,-2.6465
LYS  20,20,-9.4071
THR  21,21,-19.3602
LEU  22,22,-4.8104
ARG  23,23,-162.0103
ALA  24,24,0.1021
GLU  25,25,-61.5641
GLN  26,26,-51.9867
ALA  27,27,6.5937
SER  28,28,-1.9084
GLN  29,29,-55.8091
GLU  30,30,-59.9993
VAL  31,31,-3.0320
LYS  32,32,-5.6779
ASN  33,33,-73.8932
TRP  34,34,17.9170
MET  35,35,4.2330
THR  36,36,-21.6394
GLU  37,37,-61.1101
THR  38,38,-14.1957
LEU  39,39,-7.4402
LEU  40,40,-13.9655
VAL  41,41,-9.8613
GLN  42,42,-55.4577
ASN  43,43,-74.3721
ALA  44,44,3.0464
ASN  45,45,-61.2148
PRO  46,46,13.8887
ASP  47,47,-64.3438
CYX  48,48,10.9753
LYS  49,49,-7.4646
THR  50,50,-20.9287
ILE  51,51,12.2626
LEU  52,52,-8.7445
LYS  53,53,-2.8889
ALA  54,54,4.4190
LEU  55,55,-10.4431
GLY  56,56,8.0832
PRO  57,57,18.0285
GLY  58,58,-2.4393
ALA  59,59,5.9355
THR  60,60,-14.7888
LEU  61,61,-12.5958
GLU  62,62,-62.2393
GLU  63,63,-57.4739
MET  64,64,6.1063
MET  65,65,4.1129
THR  66,66,-18.5960
ALA  67,67,6.0779
CYX  68,68,4.5865
GLN  69,69,-52.6422
GLY  70,70,6.7430
VAL  71,71,-99.5053
PRO   1,1,-0.0844
ILE   2,2,-0.0000
VAL   3,3,-0.0001
GLN   4,4,0.0004
ASN   5,5,-0.0001
LEU   6,6,-0.0004
GLN   7,7,-0.0003
GLY   8,8,-0.0004
GLN   9,9,0.0003
MET  10,10,-0.0004
VAL  11,11,0.0002
HID  12,12,-0.0005
GLN  13,13,-0.0000
ALA  14,14,0.0006
ILE  15,15,-0.0022
SER  16,16,-0.0020
PRO  17,17,-0.0041
ARG  18,18,-0.1015
THR  19,19,-0.0010
LEU  20,20,-0.0055
ASN  21,21,-0.0199
ALA  22,22,-0.0057
TRP  23,23,0.0041
VAL  24,24,0.0068
LYS  25,25,-0.0789
VAL  26,26,0.0199
VAL  27,27,0.2166
GLU  28,28,3.3214
GLU  29,29,4.9179
LYS  30,30,-0.7655
ALA  31,31,-0.6844
PHE  32,32,-0.3646
SER  33,33,-0.7427
PRO  34,34,-0.2357
GLU  35,35,0.1190
VAL  36,36,-0.0991
ILE  37,37,-0.0161
PRO  38,38,-0.0105
MET  39,39,-0.0253
PHE  40,40,-0.0142
SER  41,41,-0.0061
ALA  42,42,-0.0042
LEU  43,43,-0.0089
SER  44,44,-0.0047
GLU  45,45,0.0845
GLY  46,46,0.0002
ALA  47,47,-0.0014
THR  48,48,-0.0001
PRO  49,49,-0.0005
GLN  50,50,-0.0014
ASP  51,51,0.0812
LEU  52,52,0.0001
ASN  53,53,-0.0022
THR  54,54,-0.0071
MET  55,55,-0.0086
LEU  56,56,-0.0086
ASN  57,57,-0.0119
THR  58,58,-0.0295
VAL  59,59,-0.0447
ALA  60,60,-0.0100
PRO  61,61,-0.0621
HID  62,62,-0.5830
GLN  63,63,-0.0230
ALA  64,64,-0.0144
ALA  65,65,-0.0141
ALA  66,66,-0.0039
GLN  67,67,-0.0079
MET  68,68,-0.0096
LEU  69,69,-0.0078
LYS  70,70,-0.0671
GLU  71,71,0.0674
THR  72,72,-0.0039
ILE  73,73,-0.0019
ASN  74,74,-0.0011
GLU  75,75,0.0691
GLU  76,76,0.0706
ALA  77,77,-0.0007
ALA  78,78,-0.0003
GLU  79,79,0.0675
TRP  80,80,-0.0006
ASP  81,81,0.0650
ARG  82,82,-0.0678
LEU  83,83,-0.0009
HID  84,84,-0.0000
PRO  85,85,0.0006
VAL  86,86,-0.0007
HID  87,87,0.0005
ALA  88,88,0.0002
GLY  89,89,0.0006
PRO  90,90,-0.0000
ILE  91,91,-0.0010
ALA  92,92,0.0013
PRO  93,93,0.0002
GLY  94,94,0.0004
GLN  95,95,-0.0000
MET  96,96,-0.0009
ARG  97,97,-0.0748
GLU  98,98,0.0687
PRO  99,99,-0.0010
ARG 100,100,-0.0649
GLY 101,101,0.0006
SER 102,102,0.0001
ASP 103,103,0.0739
ILE 104,104,0.0007
ALA 105,105,-0.0004
GLY 106,106,0.0000
THR 107,107,-0.0002
THR 108,108,-0.0004
SER 109,109,-0.0003
THR 110,110,-0.0000
LEU 111,111,-0.0001
GLN 112,112,0.0006
GLU 113,113,0.0802
GLN 114,114,0.0001
ILE 115,115,-0.0004
GLY 116,116,-0.0007
TRP 117,117,-0.0011
MET 118,118,-0.0006
THR 119,119,-0.0009
HID 120,120,-0.0000
ASN 121,121,-0.0002
PRO 122,122,0.0001
PRO 123,123,-0.0008
ILE 124,124,0.0004
PRO 125,125,-0.0005
VAL 126,126,-0.0004
GLY 127,127,0.0006
GLU 128,128,0.0786
ILE 129,129,0.0006
TYR 130,130,0.0008
LYS 131,131,-0.0823
ARG 132,132,-0.0819
TRP 133,133,0.0016
ILE 134,134,0.0027
ILE 135,135,0.0057
LEU 136,136,0.0038
GLY 137,137,0.0036
LEU 138,138,0.0106
ASN 139,139,0.0092
LYS 140,140,-0.1063
ILE 141,141,-0.0546
VAL 142,142,-0.0909
ARG 143,143,-0.1551
MET 144,144,-0.0677
TYR 145,145,-5.0228
SER 146,146,-0.0491
PRO 147,147,-2.3739
THR 148,148,-3.9399
SER 149,149,-0.5694
ILE 150,150,-9.0408
LEU 151,151,-5.4234
ASP 152,152,-0.6076
ILE 153,153,-2.2592
ARG 154,154,-0.2488
GLN 155,155,-0.0040
GLY 156,156,0.0044
PRO 157,157,-0.0022
LYS 158,158,-0.0797
GLU 159,159,0.1539
PRO 160,160,0.0123
PHE 161,161,0.0188
ARG 162,162,-0.1036
ASP 163,163,0.1002
TYR 164,164,0.0457
VAL 165,165,0.0223
ASP 166,166,0.2176
ARG 167,167,-0.3711
PHE 168,168,-0.6176
TYR 169,169,-0.0724
LYS 170,170,-0.4091
THR 171,171,-0.4444
LEU 172,172,-1.0119
ARG 173,173,-8.5020
ALA 174,174,-0.1616
GLU 175,175,11.0785
GLN 176,176,-2.9074
ALA 177,177,-0.2739
SER 178,178,-0.1974
GLN 179,179,-0.9972
GLU 180,180,0.0369
VAL 181,181,-0.1335
LYS 182,182,-1.6318
ASN 183,183,-0.0023
TRP 184,184,-0.0542
MET 185,185,-0.4833
THR 186,186,-0.0052
GLU 187,187,0.0586
THR 188,188,-0.0297
LEU 189,189,-0.6543
LEU 190,190,-0.0066
VAL 191,191,0.0047
GLN 192,192,-0.0890
ASN 193,193,-1.0533
ALA 194,194,-0.0135
ASN 195,195,0.0038
PRO 196,196,-0.0003
ASP 197,197,0.0704
CYX 198,198,-0.0015
LYS 199,199,-0.0741
THR 200,200,-0.0034
ILE 201,201,-0.0035
LEU 202,202,-0.0054
LYS 203,203,-0.0495
ALA 204,204,-0.0026
LEU 205,205,-0.0045
GLY 206,206,0.0046
PRO 207,207,-0.0017
GLY 208,208,-0.0024
ALA 209,209,0.0008
THR 210,210,-0.0032
LEU 211,211,-0.0087
GLU 212,212,0.1044
GLU 213,213,0.0729
MET 214,214,-0.0105
MET 215,215,-0.0059
THR 216,216,-0.0036
ALA 217,217,-0.0042
CYX 218,218,-0.0031
GLN 219,219,-0.0005
GLY 220,220,0.0002
VAL 221,221,0.0733
