Residue Name,Residue Number,Binding Free Energy (kcal/mol)
PRO   1,1,-1.9309
ILE   2,2,13.7039
VAL   3,3,-7.9839
GLN   4,4,-52.6525
ASN   5,5,-65.0314
LEU   6,6,-7.6001
GLN   7,7,-54.1273
GLY   8,8,-1.0633
GLN   9,9,-50.7243
MET  10,10,10.9644
VAL  11,11,-8.1809
HID  12,12,14.7610
GLN  13,13,-54.0568
ALA  14,14,8.9986
ILE  15,15,13.2833
SER  16,16,7.8501
PRO  17,17,23.6947
ARG  18,18,-160.9570
THR  19,19,-20.4804
LEU  20,20,-10.5936
ASN  21,21,-71.6590
ALA  22,22,5.7688
TRP  23,23,17.3505
VAL  24,24,-4.0223
LYS  25,25,-6.5110
VAL  26,26,-15.8703
VAL  27,27,-12.5260
GLU  28,28,-53.0134
GLU  29,29,-50.3788
LYS  30,30,-6.0971
ALA  31,31,1.2549
PHE  32,32,11.1743
SER  33,33,10.6776
PRO  34,34,14.0495
GLU  35,35,-56.8412
VAL  36,36,-11.9802
ILE  37,37,20.9850
PRO  38,38,16.3543
MET  39,39,5.8500
PHE  40,40,5.0613
SER  41,41,-0.3541
ALA  42,42,8.8674
LEU  43,43,-11.5845
SER  44,44,-7.7004
GLU  45,45,-56.6915
GLY  46,46,-3.9932
ALA  47,47,4.8116
THR  48,48,-9.4772
PRO  49,49,10.8568
GLN  50,50,-57.4714
ASP  51,51,-63.0394
LEU  52,52,-16.5708
ASN  53,53,-75.0721
THR  54,54,-16.9650
MET  55,55,5.7373
LEU  56,56,-13.4441
ASN  57,57,-70.4247
THR  58,58,-16.6648
VAL  59,59,-9.2011
ALA  60,60,18.8030
PRO  61,61,15.7413
HID  62,62,16.7159
GLN  63,63,-51.1640
ALA  64,64,6.4879
ALA  65,65,4.7218
ALA  66,66,3.9424
GLN  67,67,-52.5991
MET  68,68,5.8683
LEU  69,69,-7.2045
LYS  70,70,-7.6917
GLU  71,71,-67.0394
THR  72,72,-19.5735
ILE  73,73,10.0742
ASN  74,74,-72.7649
GLU  75,75,-59.6774
GLU  76,76,-61.3330
ALA  77,77,3.6850
ALA  78,78,3.6470
GLU  79,79,-59.6071
TRP  80,80,11.0857
ASP  81,81,-53.5344
ARG  82,82,-173.6316
LEU  83,83,-14.6084
HID  84,84,24.3172
PRO  85,85,19.2094
VAL  86,86,-4.7107
HID  87,87,16.6039
ALA  88,88,8.4048
GLY  89,89,9.5218
PRO  90,90,16.0354
ILE  91,91,15.1578
ALA  92,92,17.4740
PRO  93,93,18.7885
GLY  94,94,-2.5138
GLN  95,95,-54.9536
MET  96,96,14.7615
ARG  97,97,-182.4832
GLU  98,98,-54.1525
PRO  99,99,18.8136
ARG 100,100,-173.8334
GLY 101,101,-9.4427
SER 102,102,-3.7416
ASP 103,103,-64.2238
ILE 104,104,7.3993
ALA 105,105,1.7939
GLY 106,106,-4.7232
THR 107,107,-16.6537
THR 108,108,-17.6102
SER 109,109,-3.6942
THR 110,110,-16.0275
LEU 111,111,-8.9089
GLN 112,112,-55.2468
GLU 113,113,-56.6020
GLN 114,114,-56.8507
ILE 115,115,7.4795
GLY 116,116,-3.8116
TRP 117,117,14.2013
MET 118,118,5.6870
THR 119,119,-19.0440
HID 120,120,14.8531
ASN 121,121,-54.3466
PRO 122,122,27.9350
PRO 123,123,14.7753
ILE 124,124,23.1834
PRO 125,125,19.3636
VAL 126,126,-10.8842
GLY 127,127,-7.1590
GLU 128,128,-51.9113
ILE 129,129,8.0223
TYR 130,130,-8.5815
LYS 131,131,1.7578
ARG 132,132,-176.1340
TRP 133,133,11.3476
ILE 134,134,5.8015
ILE 135,135,7.8458
LEU 136,136,-12.8793
GLY 137,137,-4.3268
LEU 138,138,-15.3789
ASN 139,139,-65.5119
LYS 140,140,-2.8257
ILE 141,141,4.3391
VAL 142,142,-3.9306
ARG 143,143,-164.7606
MET 144,144,2.6832
TYR 145,145,-6.0874
SER 146,146,10.0743
PRO 147,147,17.1005
THR 148,148,-16.5086
SER 149,149,0.5061
ILE 150,150,12.8176
LEU 151,151,-11.6745
ASP 152,152,-65.2779
ILE 153,153,19.3115
ARG 154,154,-166.0369
GLN 155,155,-65.4191
GLY 156,156,6.5136
PRO 157,157,23.5306
LYS 158,158,-3.9173
GLU 159,159,-48.2410
PRO 160,160,13.8173
PHE 161,161,15.3491
ARG 162,162,-165.0284
ASP 163,163,-68.2659
TYR 164,164,-14.0125
VAL 165,165,-13.0462
ASP 166,166,-58.3218
ARG 167,167,-178.4912
PHE 168,168,0.0153
TYR 169,169,-4.8929
LYS 170,170,-8.3368
THR 171,171,-22.2868
LEU 172,172,-5.8103
ARG 173,173,-170.2675
ALA 174,174,-0.7927
GLU 175,175,-55.0243
GLN 176,176,-51.4907
ALA 177,177,6.4443
SER 178,178,-2.1742
GLN 179,179,-57.8896
GLU 180,180,-57.1582
VAL 181,181,-2.8599
LYS 182,182,-4.4712
ASN 183,183,-73.4538
TRP 184,184,18.4834
MET 185,185,3.8494
THR 186,186,-19.6244
GLU 187,187,-59.2008
THR 188,188,-15.2130
LEU 189,189,-8.7085
LEU 190,190,-16.0888
VAL 191,191,-10.2824
GLN 192,192,-55.7416
ASN 193,193,-74.0169
ALA 194,194,3.2556
ASN 195,195,-59.4969
PRO 196,196,12.9368
ASP 197,197,-65.2378
CYX 198,198,9.2136
LYS 199,199,-7.6616
THR 200,200,-21.0934
ILE 201,201,12.5449
LEU 202,202,-7.6541
LYS 203,203,-3.8233
ALA 204,204,5.3363
LEU 205,205,-11.2430
GLY 206,206,8.4306
PRO 207,207,17.8061
GLY 208,208,-3.0465
ALA 209,209,5.7352
THR 210,210,-14.2988
LEU 211,211,-11.2548
GLU 212,212,-64.7574
GLU 213,213,-60.8752
MET 214,214,5.9158
MET 215,215,6.2567
THR 216,216,-18.7851
ALA 217,217,6.6415
CYX 218,218,5.3388
GLN 219,219,-52.6840
GLY 220,220,4.6451
VAL 221,221,-99.1100
PRO   1,1,-1.8918
ILE   2,2,13.7047
VAL   3,3,-7.9819
GLN   4,4,-52.6520
ASN   5,5,-65.0308
LEU   6,6,-7.6003
GLN   7,7,-54.1274
GLY   8,8,-1.0630
GLN   9,9,-50.7249
MET  10,10,10.9654
VAL  11,11,-8.1803
HID  12,12,14.7607
GLN  13,13,-54.0563
ALA  14,14,8.9984
ILE  15,15,13.2839
SER  16,16,7.8501
PRO  17,17,23.6974
ARG  18,18,-160.8778
THR  19,19,-20.4851
LEU  20,20,-10.5959
ASN  21,21,-71.6537
ALA  22,22,5.7586
TRP  23,23,17.2916
VAL  24,24,-4.0908
LYS  25,25,-6.3367
VAL  26,26,-15.9512
VAL  27,27,-12.9857
GLU  28,28,-59.9071
GLU  29,29,-50.8648
LYS  30,30,-5.0843
ALA  31,31,2.6738
PHE  32,32,12.0681
SER  33,33,10.7642
PRO  34,34,14.0976
GLU  35,35,-56.9813
VAL  36,36,-11.8964
ILE  37,37,20.9977
PRO  38,38,16.3646
MET  39,39,5.8812
PHE  40,40,5.0779
SER  41,41,-0.3464
ALA  42,42,8.8747
LEU  43,43,-11.5735
SER  44,44,-7.6923
GLU  45,45,-56.7437
GLY  46,46,-3.9930
ALA  47,47,4.8140
THR  48,48,-9.4777
PRO  49,49,10.8577
GLN  50,50,-57.4696
ASP  51,51,-63.0754
LEU  52,52,-16.5699
ASN  53,53,-75.0666
THR  54,54,-16.9586
MET  55,55,5.7395
LEU  56,56,-13.4297
ASN  57,57,-70.4047
THR  58,58,-16.6379
VAL  59,59,-9.0274
ALA  60,60,18.8444
PRO  61,61,15.9245
HID  62,62,15.9761
GLN  63,63,-51.0510
ALA  64,64,6.4441
ALA  65,65,4.6526
ALA  66,66,3.8992
GLN  67,67,-52.6110
MET  68,68,5.8769
LEU  69,69,-7.2025
LYS  70,70,-7.6874
GLU  71,71,-67.0631
THR  72,72,-19.5743
ILE  73,73,10.0759
ASN  74,74,-72.7626
GLU  75,75,-59.7184
GLU  76,76,-61.3715
ALA  77,77,3.6849
ALA  78,78,3.6468
GLU  79,79,-59.6509
TRP  80,80,11.0851
ASP  81,81,-53.5665
ARG  82,82,-173.5908
LEU  83,83,-14.6084
HID  84,84,24.3175
PRO  85,85,19.2100
VAL  86,86,-4.7104
HID  87,87,16.6040
ALA  88,88,8.4043
GLY  89,89,9.5224
PRO  90,90,16.0360
ILE  91,91,15.1582
ALA  92,92,17.4739
PRO  93,93,18.7883
GLY  94,94,-2.5142
GLN  95,95,-54.9530
MET  96,96,14.7618
ARG  97,97,-182.4389
GLU  98,98,-54.1908
PRO  99,99,18.8145
ARG 100,100,-173.7950
GLY 101,101,-9.4427
SER 102,102,-3.7414
ASP 103,103,-64.2625
ILE 104,104,7.3991
ALA 105,105,1.7945
GLY 106,106,-4.7239
THR 107,107,-16.6538
THR 108,108,-17.6098
SER 109,109,-3.6935
THR 110,110,-16.0273
LEU 111,111,-8.9084
GLN 112,112,-55.2469
GLU 113,113,-56.6529
GLN 114,114,-56.8495
ILE 115,115,7.4803
GLY 116,116,-3.8112
TRP 117,117,14.2017
MET 118,118,5.6875
THR 119,119,-19.0437
HID 120,120,14.8531
ASN 121,121,-54.3465
PRO 122,122,27.9353
PRO 123,123,14.7750
ILE 124,124,23.1839
PRO 125,125,19.3629
VAL 126,126,-10.8841
GLY 127,127,-7.1609
GLU 128,128,-51.9488
ILE 129,129,8.0219
TYR 130,130,-8.5820
LYS 131,131,1.7995
ARG 132,132,-176.1000
TRP 133,133,11.3449
ILE 134,134,5.7978
ILE 135,135,7.8350
LEU 136,136,-12.8881
GLY 137,137,-4.3344
LEU 138,138,-15.4070
ASN 139,139,-65.5458
LYS 140,140,-2.7271
ILE 141,141,4.3378
VAL 142,142,-3.8447
ARG 143,143,-164.3949
MET 144,144,3.5569
TYR 145,145,-4.9240
SER 146,146,12.1551
PRO 147,147,17.4855
THR 148,148,-15.7337
SER 149,149,3.1648
ILE 150,150,24.3833
LEU   1,1,-5.4222
ASP   2,2,-65.7299
ILE   3,3,21.6459
ARG   4,4,-165.7899
GLN   5,5,-65.4075
GLY   6,6,6.5066
PRO   7,7,23.5337
LYS   8,8,-3.8804
GLU   9,9,-48.3562
PRO  10,10,13.8079
PHE  11,11,15.3347
ARG  12,12,-164.9966
ASP  13,13,-68.2927
TYR  14,14,-14.0665
VAL  15,15,-13.0422
ASP  16,16,-58.3523
ARG  17,17,-178.1005
PHE  18,18,1.0735
TYR  19,19,-4.6049
LYS  20,20,-8.0584
THR  21,21,-20.7548
LEU  22,22,-4.7447
ARG  23,23,-162.7391
ALA  24,24,-0.4031
GLU  25,25,-60.9890
GLN  26,26,-51.7949
ALA  27,27,6.3039
SER  28,28,-0.4207
GLN  29,29,-55.3527
GLU  30,30,-58.4550
VAL  31,31,-2.6210
LYS  32,32,-2.9958
ASN  33,33,-73.3898
TRP  34,34,18.5480
MET  35,35,4.4048
THR  36,36,-19.5782
GLU  37,37,-59.2397
THR  38,38,-15.1824
LEU  39,39,-7.9426
LEU  40,40,-16.0517
VAL  41,41,-10.2774
GLN  42,42,-55.6498
ASN  43,43,-73.3538
ALA  44,44,3.2739
ASN  45,45,-59.4940
PRO  46,46,12.9390
ASP  47,47,-65.2436
CYX  48,48,9.2186
LYS  49,49,-7.6330
THR  50,50,-21.0924
ILE  51,51,12.5478
LEU  52,52,-7.6499
LYS  53,53,-3.8137
ALA  54,54,5.3357
LEU  55,55,-11.2430
GLY  56,56,8.4310
PRO  57,57,17.8070
GLY  58,58,-3.0471
ALA  59,59,5.7332
THR  60,60,-14.2951
LEU  61,61,-11.2430
GLU  62,62,-64.8121
GLU  63,63,-60.9035
MET  64,64,5.9254
MET  65,65,6.2641
THR  66,66,-18.7813
ALA  67,67,6.6463
CYX  68,68,5.3378
GLN  69,69,-52.6837
GLY  70,70,4.6471
VAL  71,71,-99.1364
PRO   1,1,-0.0391
ILE   2,2,-0.0008
VAL   3,3,-0.0020
GLN   4,4,-0.0005
ASN   5,5,-0.0006
LEU   6,6,0.0002
GLN   7,7,0.0001
GLY   8,8,-0.0003
GLN   9,9,0.0005
MET  10,10,-0.0010
VAL  11,11,-0.0007
HID  12,12,0.0003
GLN  13,13,-0.0005
ALA  14,14,0.0002
ILE  15,15,-0.0006
SER  16,16,0.0001
PRO  17,17,-0.0027
ARG  18,18,-0.0791
THR  19,19,0.0047
LEU  20,20,0.0023
ASN  21,21,-0.0053
ALA  22,22,0.0101
TRP  23,23,0.0589
VAL  24,24,0.0685
LYS  25,25,-0.1743
VAL  26,26,0.0809
VAL  27,27,0.4596
GLU  28,28,6.8937
GLU  29,29,0.4860
LYS  30,30,-1.0128
ALA  31,31,-1.4189
PHE  32,32,-0.8938
SER  33,33,-0.0866
PRO  34,34,-0.0481
GLU  35,35,0.1401
VAL  36,36,-0.0838
ILE  37,37,-0.0127
PRO  38,38,-0.0104
MET  39,39,-0.0312
PHE  40,40,-0.0165
SER  41,41,-0.0077
ALA  42,42,-0.0073
LEU  43,43,-0.0110
SER  44,44,-0.0081
GLU  45,45,0.0522
GLY  46,46,-0.0002
ALA  47,47,-0.0024
THR  48,48,0.0005
PRO  49,49,-0.0009
GLN  50,50,-0.0018
ASP  51,51,0.0360
LEU  52,52,-0.0009
ASN  53,53,-0.0055
THR  54,54,-0.0065
MET  55,55,-0.0022
LEU  56,56,-0.0143
ASN  57,57,-0.0200
THR  58,58,-0.0268
VAL  59,59,-0.1738
ALA  60,60,-0.0414
PRO  61,61,-0.1831
HID  62,62,0.7398
GLN  63,63,-0.1130
ALA  64,64,0.0439
ALA  65,65,0.0691
ALA  66,66,0.0432
GLN  67,67,0.0119
MET  68,68,-0.0086
LEU  69,69,-0.0020
LYS  70,70,-0.0043
GLU  71,71,0.0237
THR  72,72,0.0008
ILE  73,73,-0.0018
ASN  74,74,-0.0023
GLU  75,75,0.0410
GLU  76,76,0.0385
ALA  77,77,0.0000
ALA  78,78,0.0002
GLU  79,79,0.0438
TRP  80,80,0.0006
ASP  81,81,0.0322
ARG  82,82,-0.0408
LEU  83,83,-0.0000
HID  84,84,-0.0003
PRO  85,85,-0.0006
VAL  86,86,-0.0003
HID  87,87,-0.0001
ALA  88,88,0.0004
GLY  89,89,-0.0006
PRO  90,90,-0.0006
ILE  91,91,-0.0003
ALA  92,92,0.0001
PRO  93,93,0.0001
GLY  94,94,0.0005
GLN  95,95,-0.0006
MET  96,96,-0.0004
ARG  97,97,-0.0443
GLU  98,98,0.0383
PRO  99,99,-0.0009
ARG 100,100,-0.0384
GLY 101,101,0.0000
SER 102,102,-0.0002
ASP 103,103,0.0388
ILE 104,104,0.0002
ALA 105,105,-0.0006
GLY 106,106,0.0008
THR 107,107,0.0001
THR 108,108,-0.0003
SER 109,109,-0.0007
THR 110,110,-0.0003
LEU 111,111,-0.0005
GLN 112,112,0.0001
GLU 113,113,0.0509
GLN 114,114,-0.0012
ILE 115,115,-0.0008
GLY 116,116,-0.0005
TRP 117,117,-0.0004
MET 118,118,-0.0005
THR 119,119,-0.0003
HID 120,120,0.0000
ASN 121,121,-0.0002
PRO 122,122,-0.0003
PRO 123,123,0.0003
ILE 124,124,-0.0005
PRO 125,125,0.0007
VAL 126,126,-0.0001
GLY 127,127,0.0020
GLU 128,128,0.0376
ILE 129,129,0.0004
TYR 130,130,0.0004
LYS 131,131,-0.0416
ARG 132,132,-0.0340
TRP 133,133,0.0027
ILE 134,134,0.0037
ILE 135,135,0.0108
LEU 136,136,0.0088
GLY 137,137,0.0076
LEU 138,138,0.0281
ASN 139,139,0.0339
LYS 140,140,-0.0987
ILE 141,141,0.0013
VAL 142,142,-0.0860
ARG 143,143,-0.3657
MET 144,144,-0.8737
TYR 145,145,-1.1633
SER 146,146,-2.0808
PRO 147,147,-0.3851
THR 148,148,-0.7748
SER 149,149,-2.6587
ILE 150,150,-11.5657
LEU 151,151,-6.2523
ASP 152,152,0.4520
ILE 153,153,-2.3344
ARG 154,154,-0.2470
GLN 155,155,-0.0115
GLY 156,156,0.0070
PRO 157,157,-0.0031
LYS 158,158,-0.0369
GLU 159,159,0.1152
PRO 160,160,0.0094
PHE 161,161,0.0144
ARG 162,162,-0.0318
ASP 163,163,0.0269
TYR 164,164,0.0541
VAL 165,165,-0.0040
ASP 166,166,0.0305
ARG 167,167,-0.3907
PHE 168,168,-1.0582
TYR 169,169,-0.2881
LYS 170,170,-0.2784
THR 171,171,-1.5321
LEU 172,172,-1.0656
ARG 173,173,-7.5284
ALA 174,174,-0.3896
GLU 175,175,5.9648
GLN 176,176,0.3042
ALA 177,177,0.1405
SER 178,178,-1.7535
GLN 179,179,-2.5369
GLU 180,180,1.2968
VAL 181,181,-0.2390
LYS 182,182,-1.4754
ASN 183,183,-0.0640
TRP 184,184,-0.0646
MET 185,185,-0.5554
THR 186,186,-0.0462
GLU 187,187,0.0390
THR 188,188,-0.0306
LEU 189,189,-0.7659
LEU 190,190,-0.0371
VAL 191,191,-0.0050
GLN 192,192,-0.0918
ASN 193,193,-0.6631
ALA 194,194,-0.0183
ASN 195,195,-0.0029
PRO 196,196,-0.0022
ASP 197,197,0.0059
CYX 198,198,-0.0050
LYS 199,199,-0.0286
THR 200,200,-0.0010
ILE 201,201,-0.0029
LEU 202,202,-0.0042
LYS 203,203,-0.0096
ALA 204,204,0.0006
LEU 205,205,-0.0000
GLY 206,206,-0.0004
PRO 207,207,-0.0009
GLY 208,208,0.0006
ALA 209,209,0.0019
THR 210,210,-0.0037
LEU 211,211,-0.0118
GLU 212,212,0.0546
GLU 213,213,0.0284
MET 214,214,-0.0096
MET 215,215,-0.0074
THR 216,216,-0.0038
ALA 217,217,-0.0048
CYX 218,218,0.0010
GLN 219,219,-0.0003
GLY 220,220,-0.0019
VAL 221,221,0.0264
