Residue Name,Residue Number,Binding Free Energy (kcal/mol)
PRO   1,1,-7.1352
ILE   2,2,12.0140
VAL   3,3,-10.1569
GLN   4,4,-54.6220
ASN   5,5,-66.7743
LEU   6,6,-5.2061
GLN   7,7,-54.0439
GLY   8,8,-3.6628
GLN   9,9,-53.7476
MET  10,10,10.1582
VAL  11,11,-9.3957
HID  12,12,13.8051
GLN  13,13,-54.0767
ALA  14,14,9.0210
ILE  15,15,12.1079
SER  16,16,7.4931
PRO  17,17,22.8986
ARG  18,18,-161.6979
THR  19,19,-20.9062
LEU  20,20,-12.0859
ASN  21,21,-71.4986
ALA  22,22,5.7084
TRP  23,23,18.7587
VAL  24,24,-3.0393
LYS  25,25,-3.6120
VAL  26,26,-13.0044
VAL  27,27,-15.5463
GLU  28,28,-59.3829
GLU  29,29,-54.5916
LYS  30,30,-8.7701
ALA  31,31,2.9506
PHE  32,32,12.9203
SER  33,33,10.7463
PRO  34,34,12.1424
GLU  35,35,-58.2049
VAL  36,36,-11.9750
ILE  37,37,20.5097
PRO  38,38,15.8714
MET  39,39,9.2248
PHE  40,40,5.0069
SER  41,41,-0.0790
ALA  42,42,9.0832
LEU  43,43,-11.6405
SER  44,44,-7.9096
GLU  45,45,-57.8082
GLY  46,46,-4.6469
ALA  47,47,5.3038
THR  48,48,-10.5855
PRO  49,49,9.8352
GLN  50,50,-58.1363
ASP  51,51,-60.0010
LEU  52,52,-17.6534
ASN  53,53,-75.0392
THR  54,54,-20.8468
MET  55,55,5.1883
LEU  56,56,-12.4927
ASN  57,57,-71.5608
THR  58,58,-15.5490
VAL  59,59,-10.5825
ALA  60,60,19.1824
PRO  61,61,16.9166
HID  62,62,15.1355
GLN  63,63,-49.8115
ALA  64,64,7.5600
ALA  65,65,5.7420
ALA  66,66,3.3175
GLN  67,67,-54.7950
MET  68,68,6.0455
LEU  69,69,-8.2780
LYS  70,70,-9.3187
GLU  71,71,-66.5311
THR  72,72,-18.8975
ILE  73,73,10.0325
ASN  74,74,-72.9922
GLU  75,75,-61.7923
GLU  76,76,-59.8014
ALA  77,77,3.3474
ALA  78,78,3.8269
GLU  79,79,-57.6453
TRP  80,80,13.9022
ASP  81,81,-54.2246
ARG  82,82,-169.5322
LEU  83,83,-13.9516
HID  84,84,22.6020
PRO  85,85,18.3574
VAL  86,86,-7.5042
HID  87,87,16.8679
ALA  88,88,9.0094
GLY  89,89,9.9046
PRO  90,90,19.1215
ILE  91,91,11.1054
ALA  92,92,18.3469
PRO  93,93,18.8158
GLY  94,94,-2.2669
GLN  95,95,-52.7712
MET  96,96,15.8377
ARG  97,97,-185.2706
GLU  98,98,-52.8762
PRO  99,99,19.5089
ARG 100,100,-175.6206
GLY 101,101,-8.5009
SER 102,102,-4.2620
ASP 103,103,-52.4652
ILE 104,104,8.7297
ALA 105,105,1.4389
GLY 106,106,-4.4967
THR 107,107,-15.8553
THR 108,108,-18.8059
SER 109,109,-3.7295
THR 110,110,-15.7790
LEU 111,111,-10.5170
GLN 112,112,-56.3162
GLU 113,113,-55.0933
GLN 114,114,-56.0128
ILE 115,115,7.3062
GLY 116,116,-3.4427
TRP 117,117,13.0002
MET 118,118,3.6260
THR 119,119,-19.8582
HID 120,120,15.2772
ASN 121,121,-55.8124
PRO 122,122,27.0089
PRO 123,123,14.5805
ILE 124,124,22.6644
PRO 125,125,18.2775
VAL 126,126,-9.9341
GLY 127,127,-6.7601
GLU 128,128,-55.9394
ILE 129,129,7.7565
TYR 130,130,-7.9974
LYS 131,131,-4.2223
ARG 132,132,-165.9016
TRP 133,133,10.3259
ILE 134,134,6.5435
ILE 135,135,8.2437
LEU 136,136,-12.9444
GLY 137,137,-4.0284
LEU 138,138,-15.0282
ASN 139,139,-66.5024
LYS 140,140,-4.1507
ILE 141,141,6.5734
VAL 142,142,-0.5774
ARG 143,143,-160.8565
MET 144,144,5.9025
TYR 145,145,-9.0238
SER 146,146,11.4423
PRO 147,147,18.2657
THR 148,148,-15.4611
SER 149,149,0.8316
ILE 150,150,12.5138
LEU 151,151,-11.4329
ASP 152,152,-64.7555
ILE 153,153,18.5947
ARG 154,154,-166.2471
GLN 155,155,-65.2648
GLY 156,156,6.4002
PRO 157,157,24.6957
LYS 158,158,-11.4013
GLU 159,159,-47.8443
PRO 160,160,14.1192
PHE 161,161,15.9499
ARG 162,162,-163.7831
ASP 163,163,-68.5134
TYR 164,164,-13.6960
VAL 165,165,-12.5865
ASP 166,166,-58.2450
ARG 167,167,-179.6159
PHE 168,168,0.3388
TYR 169,169,-2.0585
LYS 170,170,-7.9277
THR 171,171,-21.1115
LEU 172,172,-5.9263
ARG 173,173,-166.6438
ALA 174,174,0.1909
GLU 175,175,-58.7517
GLN 176,176,-51.8785
ALA 177,177,7.2902
SER 178,178,-0.7583
GLN 179,179,-55.5519
GLU 180,180,-58.4399
VAL 181,181,-3.7615
LYS 182,182,-7.8616
ASN 183,183,-73.1488
TRP 184,184,17.7203
MET 185,185,3.6248
THR 186,186,-20.1199
GLU 187,187,-61.0806
THR 188,188,-14.8935
LEU 189,189,-9.1984
LEU 190,190,-15.3250
VAL 191,191,-9.7107
GLN 192,192,-54.5076
ASN 193,193,-73.4816
ALA 194,194,3.2882
ASN 195,195,-60.7686
PRO 196,196,13.7582
ASP 197,197,-63.6062
CYX 198,198,9.1706
LYS 199,199,-7.6291
THR 200,200,-20.5460
ILE 201,201,12.8710
LEU 202,202,-6.9595
LYS 203,203,-2.5311
ALA 204,204,4.2777
LEU 205,205,-10.6852
GLY 206,206,8.0133
PRO 207,207,18.0552
GLY 208,208,-2.4892
ALA 209,209,5.0821
THR 210,210,-15.4708
LEU 211,211,-12.2933
GLU 212,212,-65.1625
GLU 213,213,-57.4341
MET 214,214,5.8747
MET 215,215,6.3868
THR 216,216,-18.3768
ALA 217,217,5.6623
CYX 218,218,5.9886
GLN 219,219,-52.1906
GLY 220,220,5.4132
VAL 221,221,-96.0361
PRO   1,1,-7.0786
ILE   2,2,12.0132
VAL   3,3,-10.1565
GLN   4,4,-54.6221
ASN   5,5,-66.7751
LEU   6,6,-5.2066
GLN   7,7,-54.0443
GLY   8,8,-3.6625
GLN   9,9,-53.7477
MET  10,10,10.1583
VAL  11,11,-9.3969
HID  12,12,13.8057
GLN  13,13,-54.0761
ALA  14,14,9.0200
ILE  15,15,12.1095
SER  16,16,7.4958
PRO  17,17,22.9023
ARG  18,18,-161.6467
THR  19,19,-20.9060
LEU  20,20,-12.0827
ASN  21,21,-71.4845
ALA  22,22,5.7092
TRP  23,23,18.7488
VAL  24,24,-3.0270
LYS  25,25,-3.5941
VAL  26,26,-13.0176
VAL  27,27,-15.5597
GLU  28,28,-62.4702
GLU  29,29,-55.2644
LYS  30,30,-8.4212
ALA  31,31,3.5973
PHE  32,32,13.0370
SER  33,33,10.8159
PRO  34,34,12.1633
GLU  35,35,-58.3296
VAL  36,36,-11.9486
ILE  37,37,20.5177
PRO  38,38,15.8765
MET  39,39,9.2338
PHE  40,40,5.0129
SER  41,41,-0.0775
ALA  42,42,9.0843
LEU  43,43,-11.6382
SER  44,44,-7.9078
GLU  45,45,-57.8669
GLY  46,46,-4.6469
ALA  47,47,5.3038
THR  48,48,-10.5830
PRO  49,49,9.8380
GLN  50,50,-58.1328
ASP  51,51,-60.0469
LEU  52,52,-17.6490
ASN  53,53,-75.0314
THR  54,54,-20.8412
MET  55,55,5.1935
LEU  56,56,-12.4830
ASN  57,57,-71.5489
THR  58,58,-15.5303
VAL  59,59,-10.5397
ALA  60,60,19.2018
PRO  61,61,16.9394
HID  62,62,15.2504
GLN  63,63,-50.1455
ALA  64,64,7.6243
ALA  65,65,5.7994
ALA  66,66,3.3283
GLN  67,67,-54.7838
MET  68,68,6.0738
LEU  69,69,-8.2688
LYS  70,70,-9.3260
GLU  71,71,-66.5456
THR  72,72,-18.8951
ILE  73,73,10.0331
ASN  74,74,-72.9927
GLU  75,75,-61.8360
GLU  76,76,-59.8411
ALA  77,77,3.3481
ALA  78,78,3.8273
GLU  79,79,-57.6891
TRP  80,80,13.9024
ASP  81,81,-54.2587
ARG  82,82,-169.4878
LEU  83,83,-13.9514
HID  84,84,22.6021
PRO  85,85,18.3567
VAL  86,86,-7.5036
HID  87,87,16.8685
ALA  88,88,9.0090
GLY  89,89,9.9034
PRO  90,90,19.1217
ILE  91,91,11.1074
ALA  92,92,18.3450
PRO  93,93,18.8153
GLY  94,94,-2.2671
GLN  95,95,-52.7725
MET  96,96,15.8375
ARG  97,97,-185.2150
GLU  98,98,-52.9364
PRO  99,99,19.5086
ARG 100,100,-175.5810
GLY 101,101,-8.5009
SER 102,102,-4.2615
ASP 103,103,-52.5047
ILE 104,104,8.7296
ALA 105,105,1.4412
GLY 106,106,-4.4962
THR 107,107,-15.8548
THR 108,108,-18.8056
SER 109,109,-3.7273
THR 110,110,-15.7804
LEU 111,111,-10.5185
GLN 112,112,-56.3178
GLU 113,113,-55.1509
GLN 114,114,-56.0130
ILE 115,115,7.3068
GLY 116,116,-3.4419
TRP 117,117,13.0022
MET 118,118,3.6268
THR 119,119,-19.8577
HID 120,120,15.2770
ASN 121,121,-55.8121
PRO 122,122,27.0083
PRO 123,123,14.5814
ILE 124,124,22.6641
PRO 125,125,18.2787
VAL 126,126,-9.9322
GLY 127,127,-6.7586
GLU 128,128,-55.9864
ILE 129,129,7.7566
TYR 130,130,-7.9957
LYS 131,131,-4.1753
ARG 132,132,-165.8542
TRP 133,133,10.3214
ILE 134,134,6.5378
ILE 135,135,8.2365
LEU 136,136,-12.9512
GLY 137,137,-4.0377
LEU 138,138,-15.0367
ASN 139,139,-66.5155
LYS 140,140,-4.0770
ILE 141,141,6.5905
VAL 142,142,-0.5635
ARG 143,143,-160.6828
MET 144,144,5.9168
TYR 145,145,-9.0049
SER 146,146,11.4875
PRO 147,147,18.4755
THR 148,148,-14.6468
SER 149,149,3.4876
ILE 150,150,23.8093
LEU   1,1,-5.2488
ASP   2,2,-65.5764
ILE   3,3,20.7939
ARG   4,4,-165.9886
GLN   5,5,-65.2495
GLY   6,6,6.3952
PRO   7,7,24.6998
LYS   8,8,-11.3187
GLU   9,9,-48.0268
PRO  10,10,14.1082
PHE  11,11,15.9319
ARG  12,12,-163.7088
ASP  13,13,-68.5930
TYR  14,14,-13.7613
VAL  15,15,-12.5951
ASP  16,16,-58.3283
ARG  17,17,-179.1137
PHE  18,18,1.3362
TYR  19,19,-1.9101
LYS  20,20,-7.6762
THR  21,21,-19.8156
LEU  22,22,-4.8020
ARG  23,23,-163.2350
ALA  24,24,0.7880
GLU  25,25,-61.2235
GLN  26,26,-50.0615
ALA  27,27,7.3321
SER  28,28,-0.7281
GLN  29,29,-55.5129
GLU  30,30,-58.5596
VAL  31,31,-3.7142
LYS  32,32,-7.3548
ASN  33,33,-73.1378
TRP  34,34,17.7574
MET  35,35,4.1246
THR  36,36,-20.0998
GLU  37,37,-61.1382
THR  38,38,-14.8754
LEU  39,39,-8.5889
LEU  40,40,-15.2886
VAL  41,41,-9.7111
GLN  42,42,-54.4352
ASN  43,43,-73.1073
ALA  44,44,3.3026
ASN  45,45,-60.7623
PRO  46,46,13.7610
ASP  47,47,-63.6576
CYX  48,48,9.1772
LYS  49,49,-7.5511
THR  50,50,-20.5442
ILE  51,51,12.8750
LEU  52,52,-6.9550
LYS  53,53,-2.4877
ALA  54,54,4.2782
LEU  55,55,-10.6828
GLY  56,56,8.0125
PRO  57,57,18.0564
GLY  58,58,-2.4887
ALA  59,59,5.0816
THR  60,60,-15.4715
LEU  61,61,-12.2912
GLU  62,62,-65.2148
GLU  63,63,-57.4805
MET  64,64,5.8767
MET  65,65,6.3917
THR  66,66,-18.3744
ALA  67,67,5.6652
CYX  68,68,5.9892
GLN  69,69,-52.1897
GLY  70,70,5.4153
VAL  71,71,-96.1076
PRO   1,1,-0.0566
ILE   2,2,0.0009
VAL   3,3,-0.0004
GLN   4,4,0.0001
ASN   5,5,0.0008
LEU   6,6,0.0004
GLN   7,7,0.0004
GLY   8,8,-0.0002
GLN   9,9,0.0002
MET  10,10,-0.0001
VAL  11,11,0.0011
HID  12,12,-0.0006
GLN  13,13,-0.0006
ALA  14,14,0.0010
ILE  15,15,-0.0016
SER  16,16,-0.0027
PRO  17,17,-0.0037
ARG  18,18,-0.0513
THR  19,19,-0.0002
LEU  20,20,-0.0032
ASN  21,21,-0.0141
ALA  22,22,-0.0008
TRP  23,23,0.0099
VAL  24,24,-0.0123
LYS  25,25,-0.0179
VAL  26,26,0.0132
VAL  27,27,0.0134
GLU  28,28,3.0873
GLU  29,29,0.6727
LYS  30,30,-0.3488
ALA  31,31,-0.6466
PHE  32,32,-0.1166
SER  33,33,-0.0696
PRO  34,34,-0.0208
GLU  35,35,0.1247
VAL  36,36,-0.0264
ILE  37,37,-0.0080
PRO  38,38,-0.0051
MET  39,39,-0.0090
PHE  40,40,-0.0060
SER  41,41,-0.0015
ALA  42,42,-0.0011
LEU  43,43,-0.0023
SER  44,44,-0.0017
GLU  45,45,0.0587
GLY  46,46,-0.0000
ALA  47,47,0.0000
THR  48,48,-0.0025
PRO  49,49,-0.0028
GLN  50,50,-0.0035
ASP  51,51,0.0459
LEU  52,52,-0.0044
ASN  53,53,-0.0078
THR  54,54,-0.0056
MET  55,55,-0.0053
LEU  56,56,-0.0097
ASN  57,57,-0.0119
THR  58,58,-0.0187
VAL  59,59,-0.0428
ALA  60,60,-0.0194
PRO  61,61,-0.0228
HID  62,62,-0.1149
GLN  63,63,0.3340
ALA  64,64,-0.0643
ALA  65,65,-0.0575
ALA  66,66,-0.0108
GLN  67,67,-0.0112
MET  68,68,-0.0284
LEU  69,69,-0.0092
LYS  70,70,0.0073
GLU  71,71,0.0145
THR  72,72,-0.0024
ILE  73,73,-0.0006
ASN  74,74,0.0004
GLU  75,75,0.0437
GLU  76,76,0.0397
ALA  77,77,-0.0007
ALA  78,78,-0.0004
GLU  79,79,0.0438
TRP  80,80,-0.0003
ASP  81,81,0.0341
ARG  82,82,-0.0443
LEU  83,83,-0.0002
HID  84,84,-0.0000
PRO  85,85,0.0007
VAL  86,86,-0.0006
HID  87,87,-0.0006
ALA  88,88,0.0004
GLY  89,89,0.0012
PRO  90,90,-0.0002
ILE  91,91,-0.0020
ALA  92,92,0.0019
PRO  93,93,0.0005
GLY  94,94,0.0001
GLN  95,95,0.0013
MET  96,96,0.0002
ARG  97,97,-0.0556
GLU  98,98,0.0602
PRO  99,99,0.0002
ARG 100,100,-0.0396
GLY 101,101,-0.0000
SER 102,102,-0.0005
ASP 103,103,0.0395
ILE 104,104,0.0001
ALA 105,105,-0.0023
GLY 106,106,-0.0005
THR 107,107,-0.0006
THR 108,108,-0.0003
SER 109,109,-0.0022
THR 110,110,0.0014
LEU 111,111,0.0015
GLN 112,112,0.0016
GLU 113,113,0.0576
GLN 114,114,0.0002
ILE 115,115,-0.0005
GLY 116,116,-0.0008
TRP 117,117,-0.0020
MET 118,118,-0.0008
THR 119,119,-0.0005
HID 120,120,0.0002
ASN 121,121,-0.0004
PRO 122,122,0.0006
PRO 123,123,-0.0009
ILE 124,124,0.0003
PRO 125,125,-0.0013
VAL 126,126,-0.0019
GLY 127,127,-0.0015
GLU 128,128,0.0470
ILE 129,129,-0.0001
TYR 130,130,-0.0017
LYS 131,131,-0.0470
ARG 132,132,-0.0474
TRP 133,133,0.0045
ILE 134,134,0.0057
ILE 135,135,0.0072
LEU 136,136,0.0068
GLY 137,137,0.0093
LEU 138,138,0.0085
ASN 139,139,0.0132
LYS 140,140,-0.0737
ILE 141,141,-0.0170
VAL 142,142,-0.0139
ARG 143,143,-0.1737
MET 144,144,-0.0144
TYR 145,145,-0.0189
SER 146,146,-0.0452
PRO 147,147,-0.2098
THR 148,148,-0.8143
SER 149,149,-2.6560
ILE 150,150,-11.2955
LEU 151,151,-6.1842
ASP 152,152,0.8209
ILE 153,153,-2.1992
ARG 154,154,-0.2585
GLN 155,155,-0.0153
GLY 156,156,0.0050
PRO 157,157,-0.0041
LYS 158,158,-0.0826
GLU 159,159,0.1824
PRO 160,160,0.0109
PHE 161,161,0.0180
ARG 162,162,-0.0743
ASP 163,163,0.0796
TYR 164,164,0.0653
VAL 165,165,0.0087
ASP 166,166,0.0833
ARG 167,167,-0.5022
PHE 168,168,-0.9975
TYR 169,169,-0.1484
LYS 170,170,-0.2514
THR 171,171,-1.2959
LEU 172,172,-1.1243
ARG 173,173,-3.4088
ALA 174,174,-0.5971
GLU 175,175,2.4717
GLN 176,176,-1.8169
ALA 177,177,-0.0420
SER 178,178,-0.0302
GLN 179,179,-0.0390
GLU 180,180,0.1197
VAL 181,181,-0.0473
LYS 182,182,-0.5068
ASN 183,183,-0.0110
TRP 184,184,-0.0370
MET 185,185,-0.4998
THR 186,186,-0.0201
GLU 187,187,0.0576
THR 188,188,-0.0181
LEU 189,189,-0.6095
LEU 190,190,-0.0364
VAL 191,191,0.0004
GLN 192,192,-0.0724
ASN 193,193,-0.3743
ALA 194,194,-0.0144
ASN 195,195,-0.0064
PRO 196,196,-0.0028
ASP 197,197,0.0514
CYX 198,198,-0.0066
LYS 199,199,-0.0780
THR 200,200,-0.0018
ILE 201,201,-0.0041
LEU 202,202,-0.0045
LYS 203,203,-0.0434
ALA 204,204,-0.0005
LEU 205,205,-0.0023
GLY 206,206,0.0008
PRO 207,207,-0.0012
GLY 208,208,-0.0005
ALA 209,209,0.0005
THR 210,210,0.0006
LEU 211,211,-0.0021
GLU 212,212,0.0524
GLU 213,213,0.0464
MET 214,214,-0.0020
MET 215,215,-0.0049
THR 216,216,-0.0024
ALA 217,217,-0.0029
CYX 218,218,-0.0006
GLN 219,219,-0.0008
GLY 220,220,-0.0021
VAL 221,221,0.0715
