Residue Name,Residue Number,Binding Free Energy (kcal/mol)
PRO   1,1,-4.2492
ILE   2,2,14.7430
VAL   3,3,-9.2602
GLN   4,4,-54.5488
ASN   5,5,-67.0301
LEU   6,6,-6.0588
GLN   7,7,-54.2067
GLY   8,8,-3.4743
GLN   9,9,-53.6206
MET  10,10,10.3444
VAL  11,11,-9.4991
HID  12,12,13.9153
GLN  13,13,-53.9633
ALA  14,14,8.4249
ILE  15,15,10.5846
SER  16,16,7.6698
PRO  17,17,23.4718
ARG  18,18,-162.4553
THR  19,19,-20.1467
LEU  20,20,-11.5850
ASN  21,21,-71.8969
ALA  22,22,5.8261
TRP  23,23,14.9983
VAL  24,24,-2.8242
LYS  25,25,-3.8015
VAL  26,26,-13.0450
VAL  27,27,-14.1732
GLU  28,28,-62.6781
GLU  29,29,-55.4462
LYS  30,30,-6.9349
ALA  31,31,4.0045
PHE  32,32,14.1517
SER  33,33,9.6466
PRO  34,34,11.9136
GLU  35,35,-54.9796
VAL  36,36,-11.2346
ILE  37,37,19.9086
PRO  38,38,15.6869
MET  39,39,7.3685
PHE  40,40,4.3306
SER  41,41,0.7808
ALA  42,42,8.7294
LEU  43,43,-10.4920
SER  44,44,-7.7078
GLU  45,45,-58.4468
GLY  46,46,-3.8574
ALA  47,47,4.5489
THR  48,48,-8.5965
PRO  49,49,12.2558
GLN  50,50,-58.6736
ASP  51,51,-55.8717
LEU  52,52,-16.1659
ASN  53,53,-73.6411
THR  54,54,-19.3007
MET  55,55,4.4907
LEU  56,56,-11.5826
ASN  57,57,-72.3279
THR  58,58,-14.7415
VAL  59,59,-7.1174
ALA  60,60,19.0982
PRO  61,61,17.3676
HID  62,62,18.2221
GLN  63,63,-51.6906
ALA  64,64,6.8442
ALA  65,65,7.3640
ALA  66,66,5.1766
GLN  67,67,-53.4507
MET  68,68,6.8750
LEU  69,69,-6.9398
LYS  70,70,-7.9118
GLU  71,71,-66.7485
THR  72,72,-18.4570
ILE  73,73,9.3695
ASN  74,74,-73.0815
GLU  75,75,-61.7677
GLU  76,76,-61.8232
ALA  77,77,3.9241
ALA  78,78,5.0414
GLU  79,79,-57.0495
TRP  80,80,9.3653
ASP  81,81,-55.0038
ARG  82,82,-169.0165
LEU  83,83,-15.8228
HID  84,84,23.6013
PRO  85,85,18.0827
VAL  86,86,-6.5741
HID  87,87,16.5318
ALA  88,88,9.1348
GLY  89,89,9.8975
PRO  90,90,18.6456
ILE  91,91,11.3867
ALA  92,92,17.9780
PRO  93,93,18.0786
GLY  94,94,-2.4069
GLN  95,95,-52.9315
MET  96,96,13.9321
ARG  97,97,-187.8491
GLU  98,98,-52.5031
PRO  99,99,17.9455
ARG 100,100,-177.4433
GLY 101,101,-10.0373
SER 102,102,-4.8069
ASP 103,103,-53.6301
ILE 104,104,8.0946
ALA 105,105,3.1787
GLY 106,106,-3.7279
THR 107,107,-15.7830
THR 108,108,-21.1074
SER 109,109,-0.6437
THR 110,110,-16.6162
LEU 111,111,-9.5081
GLN 112,112,-55.8917
GLU 113,113,-54.1469
GLN 114,114,-52.9342
ILE 115,115,6.5600
GLY 116,116,-3.4278
TRP 117,117,13.1148
MET 118,118,6.0768
THR 119,119,-19.3495
HID 120,120,15.4283
ASN 121,121,-54.2967
PRO 122,122,28.0103
PRO 123,123,15.9479
ILE 124,124,22.9775
PRO 125,125,18.6525
VAL 126,126,-10.2966
GLY 127,127,-6.3429
GLU 128,128,-58.3793
ILE 129,129,9.1948
TYR 130,130,-7.2460
LYS 131,131,-3.9929
ARG 132,132,-166.7931
TRP 133,133,11.5902
ILE 134,134,6.1036
ILE 135,135,9.0965
LEU 136,136,-13.4388
GLY 137,137,-3.6703
LEU 138,138,-14.2007
ASN 139,139,-63.2026
LYS 140,140,-3.6514
ILE 141,141,4.4567
VAL 142,142,-5.5542
ARG 143,143,-171.6301
MET 144,144,3.9249
TYR 145,145,-9.2643
SER 146,146,12.0128
PRO 147,147,17.2275
THR 148,148,-12.4805
SER 149,149,-0.2830
ILE 150,150,12.0130
LEU 151,151,-12.9093
ASP 152,152,-66.1598
ILE 153,153,13.9293
ARG 154,154,-173.9877
GLN 155,155,-65.4519
GLY 156,156,8.5643
PRO 157,157,23.5900
LYS 158,158,-2.8238
GLU 159,159,-46.5489
PRO 160,160,15.7675
PHE 161,161,16.3941
ARG 162,162,-172.6871
ASP 163,163,-70.6727
TYR 164,164,-14.2199
VAL 165,165,-13.6228
ASP 166,166,-59.0251
ARG 167,167,-180.6026
PHE 168,168,0.2079
TYR 169,169,-2.3590
LYS 170,170,-5.0519
THR 171,171,-21.8619
LEU 172,172,-6.1962
ARG 173,173,-163.4670
ALA 174,174,-0.2505
GLU 175,175,-52.9739
GLN 176,176,-53.4029
ALA 177,177,5.7119
SER 178,178,-0.7924
GLN 179,179,-54.5407
GLU 180,180,-58.1473
VAL 181,181,-3.0567
LYS 182,182,-5.9586
ASN 183,183,-74.3320
TRP 184,184,17.9935
MET 185,185,3.6779
THR 186,186,-19.7770
GLU 187,187,-54.5092
THR 188,188,-14.2635
LEU 189,189,-9.9596
LEU 190,190,-15.1016
VAL 191,191,-10.8061
GLN 192,192,-55.6415
ASN 193,193,-71.6615
ALA 194,194,4.0762
ASN 195,195,-61.4427
PRO 196,196,15.1594
ASP 197,197,-65.6191
CYX 198,198,10.5543
LYS 199,199,-5.2396
THR 200,200,-19.0448
ILE 201,201,16.1816
LEU 202,202,-7.1639
LYS 203,203,-3.9237
ALA 204,204,4.7210
LEU 205,205,-10.3002
GLY 206,206,8.8705
PRO 207,207,18.0977
GLY 208,208,-3.0847
ALA 209,209,5.6767
THR 210,210,-13.5454
LEU 211,211,-10.4439
GLU 212,212,-62.9320
GLU 213,213,-58.0697
MET 214,214,6.5542
MET 215,215,6.9774
THR 216,216,-16.0636
ALA 217,217,7.2556
CYX 218,218,9.0238
GLN 219,219,-50.3843
GLY 220,220,6.0202
VAL 221,221,-101.4239
PRO   1,1,-4.2174
ILE   2,2,14.7443
VAL   3,3,-9.2611
GLN   4,4,-54.5478
ASN   5,5,-67.0315
LEU   6,6,-6.0593
GLN   7,7,-54.2071
GLY   8,8,-3.4748
GLN   9,9,-53.6193
MET  10,10,10.3439
VAL  11,11,-9.4988
HID  12,12,13.9163
GLN  13,13,-53.9631
ALA  14,14,8.4251
ILE  15,15,10.5846
SER  16,16,7.6728
PRO  17,17,23.4751
ARG  18,18,-162.4418
THR  19,19,-20.1430
LEU  20,20,-11.5806
ASN  21,21,-71.8930
ALA  22,22,5.8311
TRP  23,23,15.0171
VAL  24,24,-2.8187
LYS  25,25,-3.8084
VAL  26,26,-13.0213
VAL  27,27,-14.1514
GLU  28,28,-62.6226
GLU  29,29,-55.3543
LYS  30,30,-6.9800
ALA  31,31,4.0754
PHE  32,32,14.2655
SER  33,33,10.3224
PRO  34,34,13.5569
GLU  35,35,-56.5515
VAL  36,36,-11.2249
ILE  37,37,20.5345
PRO  38,38,15.7942
MET  39,39,7.3742
PHE  40,40,4.3331
SER  41,41,0.7788
ALA  42,42,8.7251
LEU  43,43,-10.4955
SER  44,44,-7.7123
GLU  45,45,-58.4400
GLY  46,46,-3.8589
ALA  47,47,4.5459
THR  48,48,-8.5904
PRO  49,49,12.2607
GLN  50,50,-58.6714
ASP  51,51,-55.8942
LEU  52,52,-16.1584
ASN  53,53,-73.6345
THR  54,54,-19.2979
MET  55,55,4.4948
LEU  56,56,-11.5758
ASN  57,57,-72.3253
THR  58,58,-14.7375
VAL  59,59,-7.1097
ALA  60,60,19.1000
PRO  61,61,17.3673
HID  62,62,18.2288
GLN  63,63,-51.6888
ALA  64,64,6.8418
ALA  65,65,7.3628
ALA  66,66,5.1772
GLN  67,67,-53.4498
MET  68,68,6.8791
LEU  69,69,-6.9378
LYS  70,70,-7.8926
GLU  71,71,-66.8195
THR  72,72,-18.4594
ILE  73,73,9.3707
ASN  74,74,-73.0748
GLU  75,75,-61.8757
GLU  76,76,-61.9262
ALA  77,77,3.9249
ALA  78,78,5.0446
GLU  79,79,-57.1368
TRP  80,80,9.3660
ASP  81,81,-55.0413
ARG  82,82,-168.9306
LEU  83,83,-15.8210
HID  84,84,23.6022
PRO  85,85,18.0847
VAL  86,86,-6.5742
HID  87,87,16.5316
ALA  88,88,9.1351
GLY  89,89,9.8967
PRO  90,90,18.6459
ILE  91,91,11.3883
ALA  92,92,17.9763
PRO  93,93,18.0790
GLY  94,94,-2.4076
GLN  95,95,-52.9310
MET  96,96,13.9334
ARG  97,97,-187.7892
GLU  98,98,-52.5605
PRO  99,99,17.9471
ARG 100,100,-177.3998
GLY 101,101,-10.0380
SER 102,102,-4.8069
ASP 103,103,-53.6734
ILE 104,104,8.0963
ALA 105,105,3.1809
GLY 106,106,-3.7281
THR 107,107,-15.7839
THR 108,108,-21.1069
SER 109,109,-0.6418
THR 110,110,-16.6178
LEU 111,111,-9.5091
GLN 112,112,-55.8937
GLU 113,113,-54.2088
GLN 114,114,-52.9336
ILE 115,115,6.5608
GLY 116,116,-3.4276
TRP 117,117,13.1162
MET 118,118,6.0775
THR 119,119,-19.3492
HID 120,120,15.4294
ASN 121,121,-54.2965
PRO 122,122,28.0107
PRO 123,123,15.9477
ILE 124,124,22.9772
PRO 125,125,18.6555
VAL 126,126,-10.2929
GLY 127,127,-6.3380
GLU 128,128,-58.3863
ILE 129,129,9.2019
TYR 130,130,-7.2377
LYS 131,131,-3.9772
ARG 132,132,-166.7912
TRP 133,133,11.6034
ILE 134,134,6.1203
ILE 135,135,9.2590
LEU 136,136,-13.3602
GLY 137,137,-3.6797
LEU 138,138,-14.1482
ASN 139,139,-64.3637
LYS 140,140,-3.4106
ILE 141,141,4.5049
VAL 142,142,-4.5291
ARG 143,143,-161.6544
MET 144,144,4.0061
TYR 145,145,-9.1265
SER 146,146,11.0148
PRO 147,147,17.6669
THR 148,148,-12.9977
SER 149,149,5.0524
ILE 150,150,24.4461
LEU   1,1,-7.0940
ASP   2,2,-65.3237
ILE   3,3,16.6891
ARG   4,4,-172.9810
GLN   5,5,-65.4343
GLY   6,6,8.5676
PRO   7,7,23.5969
LYS   8,8,-2.6820
GLU   9,9,-46.6817
PRO  10,10,15.7679
PHE  11,11,16.3980
ARG  12,12,-172.5588
ASP  13,13,-70.7926
TYR  14,14,-14.1821
VAL  15,15,-13.5696
ASP  16,16,-59.0353
ARG  17,17,-180.7606
PHE  18,18,1.3943
TYR  19,19,-2.0001
LYS  20,20,-3.8846
THR  21,21,-20.4600
LEU  22,22,-5.2064
ARG  23,23,-164.7581
ALA  24,24,0.4280
GLU  25,25,-61.6720
GLN  26,26,-52.7877
ALA  27,27,5.8380
SER  28,28,-0.7257
GLN  29,29,-54.5021
GLU  30,30,-58.2508
VAL  31,31,-2.9972
LYS  32,32,-5.9710
ASN  33,33,-74.3189
TRP  34,34,18.0269
MET  35,35,4.2048
THR  36,36,-19.7579
GLU  37,37,-54.6306
THR  38,38,-14.2420
LEU  39,39,-9.2313
LEU  40,40,-15.0882
VAL  41,41,-10.8039
GLN  42,42,-55.5347
ASN  43,43,-70.0933
ALA  44,44,4.0817
ASN  45,45,-61.4395
PRO  46,46,15.1626
ASP  47,47,-65.7489
CYX  48,48,10.5624
LYS  49,49,-5.0434
THR  50,50,-19.0444
ILE  51,51,16.1847
LEU  52,52,-7.1554
LYS  53,53,-3.7831
ALA  54,54,4.7238
LEU  55,55,-10.2949
GLY  56,56,8.8693
PRO  57,57,18.0974
GLY  58,58,-3.0838
ALA  59,59,5.6754
THR  60,60,-13.5465
LEU  61,61,-10.4418
GLU  62,62,-63.0223
GLU  63,63,-58.1694
MET  64,64,6.5539
MET  65,65,6.9771
THR  66,66,-16.0624
ALA  67,67,7.2580
CYX  68,68,9.0277
GLN  69,69,-50.3835
GLY  70,70,6.0215
VAL  71,71,-101.5352
PRO   1,1,-0.0318
ILE   2,2,-0.0013
VAL   3,3,0.0009
GLN   4,4,-0.0010
ASN   5,5,0.0014
LEU   6,6,0.0005
GLN   7,7,0.0003
GLY   8,8,0.0005
GLN   9,9,-0.0012
MET  10,10,0.0005
VAL  11,11,-0.0003
HID  12,12,-0.0010
GLN  13,13,-0.0002
ALA  14,14,-0.0002
ILE  15,15,-0.0001
SER  16,16,-0.0030
PRO  17,17,-0.0032
ARG  18,18,-0.0135
THR  19,19,-0.0037
LEU  20,20,-0.0044
ASN  21,21,-0.0039
ALA  22,22,-0.0050
TRP  23,23,-0.0188
VAL  24,24,-0.0055
LYS  25,25,0.0069
VAL  26,26,-0.0237
VAL  27,27,-0.0218
GLU  28,28,-0.0555
GLU  29,29,-0.0920
LYS  30,30,0.0451
ALA  31,31,-0.0709
PHE  32,32,-0.1138
SER  33,33,-0.6758
PRO  34,34,-1.6434
GLU  35,35,1.5719
VAL  36,36,-0.0097
ILE  37,37,-0.6258
PRO  38,38,-0.1073
MET  39,39,-0.0057
PHE  40,40,-0.0025
SER  41,41,0.0021
ALA  42,42,0.0043
LEU  43,43,0.0035
SER  44,44,0.0045
GLU  45,45,-0.0068
GLY  46,46,0.0015
ALA  47,47,0.0029
THR  48,48,-0.0060
PRO  49,49,-0.0049
GLN  50,50,-0.0021
ASP  51,51,0.0225
LEU  52,52,-0.0074
ASN  53,53,-0.0066
THR  54,54,-0.0028
MET  55,55,-0.0041
LEU  56,56,-0.0067
ASN  57,57,-0.0026
THR  58,58,-0.0041
VAL  59,59,-0.0076
ALA  60,60,-0.0018
PRO  61,61,0.0002
HID  62,62,-0.0067
GLN  63,63,-0.0018
ALA  64,64,0.0024
ALA  65,65,0.0012
ALA  66,66,-0.0006
GLN  67,67,-0.0009
MET  68,68,-0.0041
LEU  69,69,-0.0019
LYS  70,70,-0.0192
GLU  71,71,0.0710
THR  72,72,0.0025
ILE  73,73,-0.0012
ASN  74,74,-0.0067
GLU  75,75,0.1080
GLU  76,76,0.1030
ALA  77,77,-0.0008
ALA  78,78,-0.0031
GLU  79,79,0.0873
TRP  80,80,-0.0007
ASP  81,81,0.0375
ARG  82,82,-0.0858
LEU  83,83,-0.0019
HID  84,84,-0.0009
PRO  85,85,-0.0020
VAL  86,86,0.0001
HID  87,87,0.0001
ALA  88,88,-0.0003
GLY  89,89,0.0008
PRO  90,90,-0.0003
ILE  91,91,-0.0016
ALA  92,92,0.0017
PRO  93,93,-0.0004
GLY  94,94,0.0007
GLN  95,95,-0.0005
MET  96,96,-0.0012
ARG  97,97,-0.0599
GLU  98,98,0.0574
PRO  99,99,-0.0016
ARG 100,100,-0.0435
GLY 101,101,0.0007
SER 102,102,0.0000
ASP 103,103,0.0433
ILE 104,104,-0.0017
ALA 105,105,-0.0022
GLY 106,106,0.0002
THR 107,107,0.0008
THR 108,108,-0.0005
SER 109,109,-0.0019
THR 110,110,0.0017
LEU 111,111,0.0010
GLN 112,112,0.0020
GLU 113,113,0.0619
GLN 114,114,-0.0006
ILE 115,115,-0.0008
GLY 116,116,-0.0002
TRP 117,117,-0.0014
MET 118,118,-0.0007
THR 119,119,-0.0004
HID 120,120,-0.0011
ASN 121,121,-0.0002
PRO 122,122,-0.0004
PRO 123,123,0.0002
ILE 124,124,0.0002
PRO 125,125,-0.0030
VAL 126,126,-0.0036
GLY 127,127,-0.0048
GLU 128,128,0.0071
ILE 129,129,-0.0070
TYR 130,130,-0.0083
LYS 131,131,-0.0157
ARG 132,132,-0.0020
TRP 133,133,-0.0131
ILE 134,134,-0.0167
ILE 135,135,-0.1624
LEU 136,136,-0.0786
GLY 137,137,0.0094
LEU 138,138,-0.0525
ASN 139,139,1.1611
LYS 140,140,-0.2408
ILE 141,141,-0.0482
VAL 142,142,-1.0251
ARG 143,143,-9.9757
MET 144,144,-0.0812
TYR 145,145,-0.1378
SER 146,146,0.9980
PRO 147,147,-0.4394
THR 148,148,0.5172
SER 149,149,-5.3354
ILE 150,150,-12.4331
LEU 151,151,-5.8153
ASP 152,152,-0.8361
ILE 153,153,-2.7598
ARG 154,154,-1.0067
GLN 155,155,-0.0176
GLY 156,156,-0.0032
PRO 157,157,-0.0069
LYS 158,158,-0.1418
GLU 159,159,0.1328
PRO 160,160,-0.0004
PHE 161,161,-0.0039
ARG 162,162,-0.1283
ASP 163,163,0.1198
TYR 164,164,-0.0377
VAL 165,165,-0.0531
ASP 166,166,0.0102
ARG 167,167,0.1579
PHE 168,168,-1.1864
TYR 169,169,-0.3589
LYS 170,170,-1.1673
THR 171,171,-1.4019
LEU 172,172,-0.9899
ARG 173,173,1.2911
ALA 174,174,-0.6785
GLU 175,175,8.6982
GLN 176,176,-0.6152
ALA 177,177,-0.1261
SER 178,178,-0.0667
GLN 179,179,-0.0386
GLU 180,180,0.1036
VAL 181,181,-0.0595
LYS 182,182,0.0124
ASN 183,183,-0.0131
TRP 184,184,-0.0334
MET 185,185,-0.5269
THR 186,186,-0.0191
GLU 187,187,0.1215
THR 188,188,-0.0215
LEU 189,189,-0.7284
LEU 190,190,-0.0134
VAL 191,191,-0.0022
GLN 192,192,-0.1068
ASN 193,193,-1.5682
ALA 194,194,-0.0055
ASN 195,195,-0.0032
PRO 196,196,-0.0032
ASP 197,197,0.1298
CYX 198,198,-0.0081
LYS 199,199,-0.1962
THR 200,200,-0.0003
ILE 201,201,-0.0031
LEU 202,202,-0.0084
LYS 203,203,-0.1406
ALA 204,204,-0.0028
LEU 205,205,-0.0052
GLY 206,206,0.0012
PRO 207,207,0.0003
GLY 208,208,-0.0009
ALA 209,209,0.0013
THR 210,210,0.0011
LEU 211,211,-0.0022
GLU 212,212,0.0903
GLU 213,213,0.0997
MET 214,214,0.0002
MET 215,215,0.0003
THR 216,216,-0.0012
ALA 217,217,-0.0024
CYX 218,218,-0.0040
GLN 219,219,-0.0008
GLY 220,220,-0.0013
VAL 221,221,0.1113
