Residue Name,Residue Number,Binding Free Energy (kcal/mol)
PRO   1,1,-3.2177
ILE   2,2,13.8830
VAL   3,3,-10.1697
GLN   4,4,-52.3121
ASN   5,5,-67.8872
LEU   6,6,-6.2315
GLN   7,7,-52.9794
GLY   8,8,-1.9973
GLN   9,9,-52.2522
MET  10,10,10.7325
VAL  11,11,-10.1786
HID  12,12,15.2732
GLN  13,13,-54.8964
ALA  14,14,8.1550
ILE  15,15,10.8524
SER  16,16,7.5067
PRO  17,17,22.5660
ARG  18,18,-162.7643
THR  19,19,-20.8666
LEU  20,20,-12.3015
ASN  21,21,-71.2227
ALA  22,22,6.0194
TRP  23,23,16.1807
VAL  24,24,-3.4816
LYS  25,25,-3.1706
VAL  26,26,-13.0854
VAL  27,27,-14.2038
GLU  28,28,-61.7447
GLU  29,29,-51.3910
LYS  30,30,-4.9358
ALA  31,31,4.3359
PHE  32,32,14.7246
SER  33,33,10.3254
PRO  34,34,13.8187
GLU  35,35,-55.4157
VAL  36,36,-10.7488
ILE  37,37,19.0226
PRO  38,38,15.5665
MET  39,39,8.2712
PHE  40,40,4.7349
SER  41,41,0.2133
ALA  42,42,9.2157
LEU  43,43,-10.9745
SER  44,44,-8.5974
GLU  45,45,-59.6431
GLY  46,46,-3.5307
ALA  47,47,5.5226
THR  48,48,-10.1770
PRO  49,49,10.2125
GLN  50,50,-59.4086
ASP  51,51,-59.5755
LEU  52,52,-16.9003
ASN  53,53,-74.5996
THR  54,54,-19.1150
MET  55,55,4.1179
LEU  56,56,-11.6710
ASN  57,57,-71.9840
THR  58,58,-15.3664
VAL  59,59,-10.0144
ALA  60,60,19.6296
PRO  61,61,15.5858
HID  62,62,16.2299
GLN  63,63,-51.5278
ALA  64,64,6.7085
ALA  65,65,5.7469
ALA  66,66,4.1273
GLN  67,67,-52.9028
MET  68,68,4.8743
LEU  69,69,-7.2455
LYS  70,70,-7.8152
GLU  71,71,-66.3381
THR  72,72,-19.5681
ILE  73,73,9.2559
ASN  74,74,-72.8702
GLU  75,75,-60.2394
GLU  76,76,-60.6333
ALA  77,77,4.0681
ALA  78,78,3.9755
GLU  79,79,-60.6756
TRP  80,80,10.5066
ASP  81,81,-50.4505
ARG  82,82,-170.6670
LEU  83,83,-14.3375
HID  84,84,24.5375
PRO  85,85,19.8323
VAL  86,86,-7.1491
HID  87,87,17.6464
ALA  88,88,8.8932
GLY  89,89,9.1658
PRO  90,90,18.8739
ILE  91,91,12.3650
ALA  92,92,18.5012
PRO  93,93,18.3805
GLY  94,94,-2.3880
GLN  95,95,-52.4096
MET  96,96,15.2615
ARG  97,97,-184.1272
GLU  98,98,-52.6716
PRO  99,99,18.0829
ARG 100,100,-174.0772
GLY 101,101,-10.0532
SER 102,102,-5.2913
ASP 103,103,-56.4890
ILE 104,104,8.4693
ALA 105,105,1.7385
GLY 106,106,-4.6141
THR 107,107,-16.0174
THR 108,108,-21.6604
SER 109,109,-1.1784
THR 110,110,-15.2244
LEU 111,111,-8.4395
GLN 112,112,-56.0303
GLU 113,113,-54.3476
GLN 114,114,-56.5747
ILE 115,115,5.9345
GLY 116,116,-4.0207
TRP 117,117,13.1824
MET 118,118,2.8606
THR 119,119,-19.8439
HID 120,120,14.4097
ASN 121,121,-54.6371
PRO 122,122,27.3408
PRO 123,123,15.4990
ILE 124,124,23.1419
PRO 125,125,17.9253
VAL 126,126,-11.2228
GLY 127,127,-5.3168
GLU 128,128,-57.8231
ILE 129,129,8.2277
TYR 130,130,-9.8226
LYS 131,131,-2.1326
ARG 132,132,-166.8182
TRP 133,133,10.7831
ILE 134,134,6.1342
ILE 135,135,8.4601
LEU 136,136,-12.7036
GLY 137,137,-4.0726
LEU 138,138,-14.7803
ASN 139,139,-66.6106
LYS 140,140,-2.8121
ILE 141,141,5.5233
VAL 142,142,-3.9703
ARG 143,143,-165.0038
MET 144,144,4.8616
TYR 145,145,-9.2773
SER 146,146,11.8245
PRO 147,147,14.9928
THR 148,148,-14.0011
SER 149,149,2.0250
ILE 150,150,13.1467
LEU 151,151,-10.9781
ASP 152,152,-65.2964
ILE 153,153,15.9388
ARG 154,154,-166.9184
GLN 155,155,-66.3135
GLY 156,156,7.1379
PRO 157,157,23.5465
LYS 158,158,-3.7842
GLU 159,159,-47.4269
PRO 160,160,14.6740
PHE 161,161,16.3441
ARG 162,162,-174.5891
ASP 163,163,-69.5026
TYR 164,164,-14.2884
VAL 165,165,-13.0945
ASP 166,166,-58.6357
ARG 167,167,-180.6119
PHE 168,168,0.9432
TYR 169,169,-2.6678
LYS 170,170,-10.1397
THR 171,171,-21.1711
LEU 172,172,-6.1214
ARG 173,173,-167.3631
ALA 174,174,-0.9695
GLU 175,175,-55.1825
GLN 176,176,-52.6470
ALA 177,177,5.1437
SER 178,178,-0.7596
GLN 179,179,-54.6706
GLU 180,180,-59.7683
VAL 181,181,-3.2066
LYS 182,182,-6.8329
ASN 183,183,-74.3947
TRP 184,184,18.4522
MET 185,185,3.7081
THR 186,186,-21.0618
GLU 187,187,-61.4416
THR 188,188,-15.1417
LEU 189,189,-9.3640
LEU 190,190,-15.4096
VAL 191,191,-10.7283
GLN 192,192,-56.1232
ASN 193,193,-75.0174
ALA 194,194,2.9651
ASN 195,195,-62.5463
PRO 196,196,12.6141
ASP 197,197,-60.9689
CYX 198,198,10.7862
LYS 199,199,-8.5958
THR 200,200,-21.2304
ILE 201,201,11.4790
LEU 202,202,-5.8198
LYS 203,203,-3.2051
ALA 204,204,4.4879
LEU 205,205,-11.6012
GLY 206,206,8.6578
PRO 207,207,18.1823
GLY 208,208,-3.0245
ALA 209,209,5.5704
THR 210,210,-12.8754
LEU 211,211,-12.9513
GLU 212,212,-61.2925
GLU 213,213,-60.5041
MET 214,214,5.9104
MET 215,215,4.8945
THR 216,216,-18.2294
ALA 217,217,5.7801
CYX 218,218,6.6701
GLN 219,219,-50.6183
GLY 220,220,5.5900
VAL 221,221,-98.9291
PRO   1,1,-3.1749
ILE   2,2,13.8834
VAL   3,3,-10.1697
GLN   4,4,-52.3125
ASN   5,5,-67.8870
LEU   6,6,-6.2312
GLN   7,7,-52.9787
GLY   8,8,-1.9972
GLN   9,9,-52.2523
MET  10,10,10.7319
VAL  11,11,-10.1781
HID  12,12,15.2737
GLN  13,13,-54.8953
ALA  14,14,8.1548
ILE  15,15,10.8525
SER  16,16,7.5077
PRO  17,17,22.5683
ARG  18,18,-162.6946
THR  19,19,-20.8642
LEU  20,20,-12.2977
ASN  21,21,-71.2157
ALA  22,22,6.0321
TRP  23,23,16.2018
VAL  24,24,-3.4561
LYS  25,25,-2.9709
VAL  26,26,-13.0129
VAL  27,27,-14.1494
GLU  28,28,-61.7745
GLU  29,29,-53.7375
LYS  30,30,-6.3427
ALA  31,31,4.4625
PHE  32,32,14.8113
SER  33,33,11.2043
PRO  34,34,14.4246
GLU  35,35,-58.0587
VAL  36,36,-10.6655
ILE  37,37,19.0461
PRO  38,38,15.5750
MET  39,39,8.3081
PHE  40,40,4.7434
SER  41,41,0.2134
ALA  42,42,9.2153
LEU  43,43,-10.9700
SER  44,44,-8.5952
GLU  45,45,-59.6733
GLY  46,46,-3.5317
ALA  47,47,5.5235
THR  48,48,-10.1769
PRO  49,49,10.2128
GLN  50,50,-59.4077
ASP  51,51,-59.6196
LEU  52,52,-16.9043
ASN  53,53,-74.5987
THR  54,54,-19.1114
MET  55,55,4.1214
LEU  56,56,-11.6705
ASN  57,57,-71.9811
THR  58,58,-15.3579
VAL  59,59,-10.0089
ALA  60,60,19.6296
PRO  61,61,15.5934
HID  62,62,16.2653
GLN  63,63,-51.5202
ALA  64,64,6.7240
ALA  65,65,5.7611
ALA  66,66,4.1307
GLN  67,67,-52.8966
MET  68,68,4.8849
LEU  69,69,-7.2339
LYS  70,70,-7.7675
GLU  71,71,-66.4095
THR  72,72,-19.5617
ILE  73,73,9.2587
ASN  74,74,-72.8673
GLU  75,75,-60.3021
GLU  76,76,-60.6815
ALA  77,77,4.0684
ALA  78,78,3.9758
GLU  79,79,-60.7337
TRP  80,80,10.5066
ASP  81,81,-50.4970
ARG  82,82,-170.6092
LEU  83,83,-14.3376
HID  84,84,24.5373
PRO  85,85,19.8323
VAL  86,86,-7.1489
HID  87,87,17.6465
ALA  88,88,8.8933
GLY  89,89,9.1650
PRO  90,90,18.8738
ILE  91,91,12.3663
ALA  92,92,18.5002
PRO  93,93,18.3800
GLY  94,94,-2.3882
GLN  95,95,-52.4105
MET  96,96,15.2616
ARG  97,97,-184.0725
GLU  98,98,-52.7263
PRO  99,99,18.0830
ARG 100,100,-174.0298
GLY 101,101,-10.0531
SER 102,102,-5.2915
ASP 103,103,-56.5351
ILE 104,104,8.4693
ALA 105,105,1.7395
GLY 106,106,-4.6136
THR 107,107,-16.0175
THR 108,108,-21.6601
SER 109,109,-1.1768
THR 110,110,-15.2248
LEU 111,111,-8.4400
GLN 112,112,-56.0313
GLU 113,113,-54.4024
GLN 114,114,-56.5749
ILE 115,115,5.9351
GLY 116,116,-4.0201
TRP 117,117,13.1834
MET 118,118,2.8612
THR 119,119,-19.8438
HID 120,120,14.4100
ASN 121,121,-54.6373
PRO 122,122,27.3399
PRO 123,123,15.4992
ILE 124,124,23.1417
PRO 125,125,17.9259
VAL 126,126,-11.2222
GLY 127,127,-5.3182
GLU 128,128,-57.8540
ILE 129,129,8.2279
TYR 130,130,-9.8250
LYS 131,131,-2.1032
ARG 132,132,-166.7801
TRP 133,133,10.7783
ILE 134,134,6.1271
ILE 135,135,8.4519
LEU 136,136,-12.7098
GLY 137,137,-4.0881
LEU 138,138,-14.8053
ASN 139,139,-66.6318
LYS 140,140,-2.7093
ILE 141,141,5.4946
VAL 142,142,-3.8904
ARG 143,143,-164.8149
MET 144,144,4.9207
TYR 145,145,-9.2704
SER 146,146,12.0291
PRO 147,147,15.4045
THR 148,148,-13.7098
SER 149,149,4.6394
ILE 150,150,23.7508
LEU   1,1,-5.0659
ASP   2,2,-65.7558
ILE   3,3,18.6897
ARG   4,4,-166.6498
GLN   5,5,-66.2905
GLY   6,6,7.1459
PRO   7,7,23.5580
LYS   8,8,-3.7143
GLU   9,9,-47.6564
PRO  10,10,14.6549
PHE  11,11,16.3193
ARG  12,12,-174.5692
ASP  13,13,-69.5874
TYR  14,14,-14.3541
VAL  15,15,-13.0913
ASP  16,16,-58.7467
ARG  17,17,-179.7966
PHE  18,18,2.1713
TYR  19,19,-2.4857
LYS  20,20,-5.4803
THR  21,21,-19.9102
LEU  22,22,-5.0943
ARG  23,23,-163.6233
ALA  24,24,0.3084
GLU  25,25,-61.9458
GLN  26,26,-51.9905
ALA  27,27,5.2227
SER  28,28,-0.7293
GLN  29,29,-54.6568
GLU  30,30,-59.8361
VAL  31,31,-3.1410
LYS  32,32,-6.7054
ASN  33,33,-74.3884
TRP  34,34,18.4873
MET  35,35,4.1535
THR  36,36,-21.0487
GLU  37,37,-61.4863
THR  38,38,-15.1206
LEU  39,39,-8.5341
LEU  40,40,-15.3875
VAL  41,41,-10.7276
GLN  42,42,-56.0251
ASN  43,43,-73.8195
ALA  44,44,2.9833
ASN  45,45,-62.5488
PRO  46,46,12.6154
ASP  47,47,-61.0113
CYX  48,48,10.7936
LYS  49,49,-8.5506
THR  50,50,-21.2291
ILE  51,51,11.4800
LEU  52,52,-5.8198
LYS  53,53,-3.1733
ALA  54,54,4.4895
LEU  55,55,-11.5990
GLY  56,56,8.6569
PRO  57,57,18.1832
GLY  58,58,-3.0235
ALA  59,59,5.5703
THR  60,60,-12.8756
LEU  61,61,-12.9491
GLU  62,62,-61.3003
GLU  63,63,-60.5350
MET  64,64,5.9140
MET  65,65,4.8972
THR  66,66,-18.2226
ALA  67,67,5.7849
CYX  68,68,6.6700
GLN  69,69,-50.6165
GLY  70,70,5.5954
VAL  71,71,-98.9621
PRO   1,1,-0.0427
ILE   2,2,-0.0005
VAL   3,3,-0.0000
GLN   4,4,0.0005
ASN   5,5,-0.0003
LEU   6,6,-0.0004
GLN   7,7,-0.0007
GLY   8,8,-0.0001
GLN   9,9,0.0001
MET  10,10,0.0005
VAL  11,11,-0.0005
HID  12,12,-0.0004
GLN  13,13,-0.0011
ALA  14,14,0.0001
ILE  15,15,-0.0001
SER  16,16,-0.0010
PRO  17,17,-0.0023
ARG  18,18,-0.0697
THR  19,19,-0.0025
LEU  20,20,-0.0039
ASN  21,21,-0.0070
ALA  22,22,-0.0127
TRP  23,23,-0.0210
VAL  24,24,-0.0255
LYS  25,25,-0.1997
VAL  26,26,-0.0725
VAL  27,27,-0.0544
GLU  28,28,0.0298
GLU  29,29,2.3464
LYS  30,30,1.4069
ALA  31,31,-0.1266
PHE  32,32,-0.0867
SER  33,33,-0.8789
PRO  34,34,-0.6059
GLU  35,35,2.6430
VAL  36,36,-0.0833
ILE  37,37,-0.0234
PRO  38,38,-0.0085
MET  39,39,-0.0369
PHE  40,40,-0.0086
SER  41,41,-0.0001
ALA  42,42,0.0005
LEU  43,43,-0.0045
SER  44,44,-0.0023
GLU  45,45,0.0302
GLY  46,46,0.0010
ALA  47,47,-0.0009
THR  48,48,-0.0001
PRO  49,49,-0.0003
GLN  50,50,-0.0009
ASP  51,51,0.0441
LEU  52,52,0.0040
ASN  53,53,-0.0008
THR  54,54,-0.0036
MET  55,55,-0.0035
LEU  56,56,-0.0004
ASN  57,57,-0.0029
THR  58,58,-0.0085
VAL  59,59,-0.0055
ALA  60,60,-0.0000
PRO  61,61,-0.0076
HID  62,62,-0.0355
GLN  63,63,-0.0076
ALA  64,64,-0.0155
ALA  65,65,-0.0142
ALA  66,66,-0.0034
GLN  67,67,-0.0061
MET  68,68,-0.0106
LEU  69,69,-0.0116
LYS  70,70,-0.0477
GLU  71,71,0.0714
THR  72,72,-0.0064
ILE  73,73,-0.0028
ASN  74,74,-0.0030
GLU  75,75,0.0627
GLU  76,76,0.0482
ALA  77,77,-0.0003
ALA  78,78,-0.0003
GLU  79,79,0.0581
TRP  80,80,-0.0000
ASP  81,81,0.0465
ARG  82,82,-0.0579
LEU  83,83,0.0001
HID  84,84,0.0002
PRO  85,85,0.0000
VAL  86,86,-0.0002
HID  87,87,-0.0001
ALA  88,88,-0.0001
GLY  89,89,0.0008
PRO  90,90,0.0001
ILE  91,91,-0.0013
ALA  92,92,0.0009
PRO  93,93,0.0004
GLY  94,94,0.0002
GLN  95,95,0.0009
MET  96,96,-0.0000
ARG  97,97,-0.0547
GLU  98,98,0.0547
PRO  99,99,-0.0001
ARG 100,100,-0.0474
GLY 101,101,-0.0002
SER 102,102,0.0002
ASP 103,103,0.0461
ILE 104,104,0.0000
ALA 105,105,-0.0010
GLY 106,106,-0.0005
THR 107,107,0.0001
THR 108,108,-0.0003
SER 109,109,-0.0016
THR 110,110,0.0004
LEU 111,111,0.0005
GLN 112,112,0.0010
GLU 113,113,0.0548
GLN 114,114,0.0002
ILE 115,115,-0.0007
GLY 116,116,-0.0006
TRP 117,117,-0.0010
MET 118,118,-0.0006
THR 119,119,-0.0001
HID 120,120,-0.0003
ASN 121,121,0.0002
PRO 122,122,0.0009
PRO 123,123,-0.0002
ILE 124,124,0.0001
PRO 125,125,-0.0006
VAL 126,126,-0.0006
GLY 127,127,0.0014
GLU 128,128,0.0308
ILE 129,129,-0.0002
TYR 130,130,0.0025
LYS 131,131,-0.0294
ARG 132,132,-0.0381
TRP 133,133,0.0048
ILE 134,134,0.0071
ILE 135,135,0.0082
LEU 136,136,0.0062
GLY 137,137,0.0155
LEU 138,138,0.0250
ASN 139,139,0.0212
LYS 140,140,-0.1028
ILE 141,141,0.0288
VAL 142,142,-0.0800
ARG 143,143,-0.1889
MET 144,144,-0.0591
TYR 145,145,-0.0068
SER 146,146,-0.2046
PRO 147,147,-0.4117
THR 148,148,-0.2913
SER 149,149,-2.6144
ILE 150,150,-10.6041
LEU 151,151,-5.9123
ASP 152,152,0.4594
ILE 153,153,-2.7509
ARG 154,154,-0.2686
GLN 155,155,-0.0229
GLY 156,156,-0.0080
PRO 157,157,-0.0115
LYS 158,158,-0.0699
GLU 159,159,0.2295
PRO 160,160,0.0192
PHE 161,161,0.0247
ARG 162,162,-0.0199
ASP 163,163,0.0848
TYR 164,164,0.0656
VAL 165,165,-0.0032
ASP 166,166,0.1110
ARG 167,167,-0.8153
PHE 168,168,-1.2281
TYR 169,169,-0.1821
LYS 170,170,-4.6594
THR 171,171,-1.2609
LEU 172,172,-1.0271
ARG 173,173,-3.7398
ALA 174,174,-1.2779
GLU 175,175,6.7633
GLN 176,176,-0.6565
ALA 177,177,-0.0790
SER 178,178,-0.0303
GLN 179,179,-0.0137
GLU 180,180,0.0678
VAL 181,181,-0.0656
LYS 182,182,-0.1275
ASN 183,183,-0.0063
TRP 184,184,-0.0351
MET 185,185,-0.4453
THR 186,186,-0.0131
GLU 187,187,0.0447
THR 188,188,-0.0212
LEU 189,189,-0.8298
LEU 190,190,-0.0222
VAL 191,191,-0.0006
GLN 192,192,-0.0981
ASN 193,193,-1.1979
ALA 194,194,-0.0182
ASN 195,195,0.0025
PRO 196,196,-0.0013
ASP 197,197,0.0424
CYX 198,198,-0.0074
LYS 199,199,-0.0452
THR 200,200,-0.0013
ILE 201,201,-0.0010
LEU 202,202,-0.0000
LYS 203,203,-0.0319
ALA 204,204,-0.0016
LEU 205,205,-0.0022
GLY 206,206,0.0009
PRO 207,207,-0.0008
GLY 208,208,-0.0011
ALA 209,209,0.0001
THR 210,210,0.0002
LEU 211,211,-0.0022
GLU 212,212,0.0078
GLU 213,213,0.0309
MET 214,214,-0.0036
MET 215,215,-0.0027
THR 216,216,-0.0068
ALA 217,217,-0.0047
CYX 218,218,0.0001
GLN 219,219,-0.0018
GLY 220,220,-0.0053
VAL 221,221,0.0330
