Residue Name,Residue Number,Binding Free Energy (kcal/mol)
PRO   1,1,-7.2957
ILE   2,2,12.8488
VAL   3,3,-10.5491
GLN   4,4,-52.0648
ASN   5,5,-69.1306
LEU   6,6,-7.1644
GLN   7,7,-52.4815
GLY   8,8,-1.8940
GLN   9,9,-50.5422
MET  10,10,8.9324
VAL  11,11,-10.2808
HID  12,12,13.0472
GLN  13,13,-54.4990
ALA  14,14,8.3288
ILE  15,15,11.0744
SER  16,16,7.7533
PRO  17,17,22.7840
ARG  18,18,-162.6550
THR  19,19,-20.4253
LEU  20,20,-12.2273
ASN  21,21,-71.1452
ALA  22,22,6.3202
TRP  23,23,17.9925
VAL  24,24,-3.2662
LYS  25,25,-4.5801
VAL  26,26,-14.1855
VAL  27,27,-14.7298
GLU  28,28,-62.6644
GLU  29,29,-54.5562
LYS  30,30,-7.4868
ALA  31,31,3.6603
PHE  32,32,13.6450
SER  33,33,12.3325
PRO  34,34,12.5235
GLU  35,35,-54.9681
VAL  36,36,-12.1388
ILE  37,37,18.6019
PRO  38,38,15.6407
MET  39,39,8.1065
PHE  40,40,4.4638
SER  41,41,-0.0336
ALA  42,42,9.4669
LEU  43,43,-11.0272
SER  44,44,-8.5590
GLU  45,45,-58.8796
GLY  46,46,-4.7743
ALA  47,47,4.4892
THR  48,48,-10.4427
PRO  49,49,9.6542
GLN  50,50,-59.5657
ASP  51,51,-59.3168
LEU  52,52,-17.0150
ASN  53,53,-75.3336
THR  54,54,-20.1108
MET  55,55,4.4690
LEU  56,56,-12.3978
ASN  57,57,-71.6164
THR  58,58,-15.2225
VAL  59,59,-10.7297
ALA  60,60,18.8693
PRO  61,61,16.4360
HID  62,62,16.4024
GLN  63,63,-50.8891
ALA  64,64,7.1998
ALA  65,65,5.0265
ALA  66,66,4.0050
GLN  67,67,-53.8071
MET  68,68,5.7191
LEU  69,69,-7.1998
LYS  70,70,-8.4610
GLU  71,71,-65.8364
THR  72,72,-18.6837
ILE  73,73,9.7977
ASN  74,74,-72.9791
GLU  75,75,-61.5719
GLU  76,76,-59.1874
ALA  77,77,3.8032
ALA  78,78,4.4267
GLU  79,79,-59.1756
TRP  80,80,13.5626
ASP  81,81,-57.4867
ARG  82,82,-162.7705
LEU  83,83,-13.9604
HID  84,84,22.9201
PRO  85,85,17.5278
VAL  86,86,-7.8093
HID  87,87,16.1589
ALA  88,88,8.8170
GLY  89,89,10.0197
PRO  90,90,19.0678
ILE  91,91,11.9572
ALA  92,92,18.8563
PRO  93,93,19.2231
GLY  94,94,-2.4236
GLN  95,95,-52.4854
MET  96,96,16.5452
ARG  97,97,-184.9582
GLU  98,98,-54.0908
PRO  99,99,18.0122
ARG 100,100,-173.4297
GLY 101,101,-8.2896
SER 102,102,-4.8749
ASP 103,103,-52.4444
ILE 104,104,8.1389
ALA 105,105,1.7279
GLY 106,106,-4.7218
THR 107,107,-16.5060
THR 108,108,-21.0509
SER 109,109,-3.8151
THR 110,110,-14.8812
LEU 111,111,-9.9268
GLN 112,112,-56.4480
GLU 113,113,-55.9062
GLN 114,114,-57.0226
ILE 115,115,6.3043
GLY 116,116,-3.5719
TRP 117,117,13.3477
MET 118,118,3.4990
THR 119,119,-20.2600
HID 120,120,15.1753
ASN 121,121,-54.0132
PRO 122,122,27.0896
PRO 123,123,15.1987
ILE 124,124,23.3244
PRO 125,125,18.6957
VAL 126,126,-10.4250
GLY 127,127,-6.3256
GLU 128,128,-56.9792
ILE 129,129,8.9137
TYR 130,130,-9.1140
LYS 131,131,-3.1194
ARG 132,132,-166.7255
TRP 133,133,12.0569
ILE 134,134,6.1493
ILE 135,135,8.1090
LEU 136,136,-13.2049
GLY 137,137,-4.0575
LEU 138,138,-13.5817
ASN 139,139,-63.3605
LYS 140,140,-4.1173
ILE 141,141,3.8375
VAL 142,142,-4.2730
ARG 143,143,-173.4089
MET 144,144,3.5442
TYR 145,145,-7.1330
SER 146,146,14.0718
PRO 147,147,16.1998
THR 148,148,-14.7706
SER 149,149,0.0679
ILE 150,150,12.5605
LEU 151,151,-11.6280
ASP 152,152,-66.8508
ILE 153,153,15.4779
ARG 154,154,-171.9425
GLN 155,155,-66.1186
GLY 156,156,6.8538
PRO 157,157,23.8915
LYS 158,158,-4.3549
GLU 159,159,-46.3628
PRO 160,160,15.5591
PHE 161,161,15.4429
ARG 162,162,-175.4219
ASP 163,163,-69.8792
TYR 164,164,-13.3606
VAL 165,165,-12.9581
ASP 166,166,-58.1532
ARG 167,167,-180.6550
PHE 168,168,0.2643
TYR 169,169,-1.9462
LYS 170,170,-8.1650
THR 171,171,-21.8320
LEU 172,172,-6.9506
ARG 173,173,-167.7337
ALA 174,174,-0.1183
GLU 175,175,-55.6515
GLN 176,176,-53.2942
ALA 177,177,6.3773
SER 178,178,-0.7843
GLN 179,179,-54.8997
GLU 180,180,-57.7711
VAL 181,181,-3.8195
LYS 182,182,-6.6299
ASN 183,183,-74.6616
TRP 184,184,18.6129
MET 185,185,3.9292
THR 186,186,-20.5140
GLU 187,187,-56.9656
THR 188,188,-15.0113
LEU 189,189,-9.5592
LEU 190,190,-15.6268
VAL 191,191,-11.1727
GLN 192,192,-56.8822
ASN 193,193,-72.8958
ALA 194,194,3.1522
ASN 195,195,-61.2083
PRO 196,196,13.9858
ASP 197,197,-60.9802
CYX 198,198,10.4497
LYS 199,199,-6.5574
THR 200,200,-21.0831
ILE 201,201,13.2700
LEU 202,202,-9.6999
LYS 203,203,-2.7412
ALA 204,204,4.7870
LEU 205,205,-10.7964
GLY 206,206,7.4434
PRO 207,207,16.9686
GLY 208,208,-3.2032
ALA 209,209,5.9457
THR 210,210,-14.0372
LEU 211,211,-11.7885
GLU 212,212,-61.8134
GLU 213,213,-59.7631
MET 214,214,5.0595
MET 215,215,5.2238
THR 216,216,-16.6943
ALA 217,217,5.4065
CYX 218,218,5.8551
GLN 219,219,-50.7152
GLY 220,220,7.3156
VAL 221,221,-100.3915
PRO   1,1,-7.2271
ILE   2,2,12.8489
VAL   3,3,-10.5490
GLN   4,4,-52.0639
ASN   5,5,-69.1309
LEU   6,6,-7.1645
GLN   7,7,-52.4821
GLY   8,8,-1.8943
GLN   9,9,-50.5423
MET  10,10,8.9326
VAL  11,11,-10.2810
HID  12,12,13.0472
GLN  13,13,-54.4987
ALA  14,14,8.3280
ILE  15,15,11.0759
SER  16,16,7.7551
PRO  17,17,22.7855
ARG  18,18,-162.6030
THR  19,19,-20.4224
LEU  20,20,-12.2243
ASN  21,21,-71.1412
ALA  22,22,6.3258
TRP  23,23,18.0116
VAL  24,24,-3.2609
LYS  25,25,-4.5487
VAL  26,26,-14.1428
VAL  27,27,-14.7031
GLU  28,28,-62.6537
GLU  29,29,-54.5140
LYS  30,30,-7.6212
ALA  31,31,3.7321
PHE  32,32,13.7004
SER  33,33,12.6163
PRO  34,34,14.3201
GLU  35,35,-60.4527
VAL  36,36,-12.1147
ILE  37,37,19.0170
PRO  38,38,15.7900
MET  39,39,8.1242
PHE  40,40,4.4743
SER  41,41,-0.0301
ALA  42,42,9.4674
LEU  43,43,-11.0256
SER  44,44,-8.5591
GLU  45,45,-58.9376
GLY  46,46,-4.7739
ALA  47,47,4.4892
THR  48,48,-10.4415
PRO  49,49,9.6557
GLN  50,50,-59.5633
ASP  51,51,-59.3817
LEU  52,52,-17.0167
ASN  53,53,-75.3330
THR  54,54,-20.1063
MET  55,55,4.4738
LEU  56,56,-12.3939
ASN  57,57,-71.6138
THR  58,58,-15.2162
VAL  59,59,-10.7259
ALA  60,60,18.8688
PRO  61,61,16.4369
HID  62,62,16.4066
GLN  63,63,-50.8887
ALA  64,64,7.1966
ALA  65,65,5.0261
ALA  66,66,4.0054
GLN  67,67,-53.8038
MET  68,68,5.7234
LEU  69,69,-7.1983
LYS  70,70,-8.3995
GLU  71,71,-65.9256
THR  72,72,-18.6865
ILE  73,73,9.7971
ASN  74,74,-72.9760
GLU  75,75,-61.6990
GLU  76,76,-59.3423
ALA  77,77,3.8039
ALA  78,78,4.4291
GLU  79,79,-59.3180
TRP  80,80,13.5633
ASP  81,81,-57.5731
ARG  82,82,-162.6564
LEU  83,83,-13.9568
HID  84,84,22.9182
PRO  85,85,17.5281
VAL  86,86,-7.8091
HID  87,87,16.1598
ALA  88,88,8.8174
GLY  89,89,10.0187
PRO  90,90,19.0674
ILE  91,91,11.9584
ALA  92,92,18.8551
PRO  93,93,19.2225
GLY  94,94,-2.4239
GLN  95,95,-52.4854
MET  96,96,16.5460
ARG  97,97,-184.8778
GLU  98,98,-54.1746
PRO  99,99,18.0123
ARG 100,100,-173.3436
GLY 101,101,-8.2886
SER 102,102,-4.8746
ASP 103,103,-52.5188
ILE 104,104,8.1416
ALA 105,105,1.7307
GLY 106,106,-4.7201
THR 107,107,-16.5047
THR 108,108,-21.0510
SER 109,109,-3.8132
THR 110,110,-14.8831
LEU 111,111,-9.9283
GLN 112,112,-56.4485
GLU 113,113,-55.9825
GLN 114,114,-57.0242
ILE 115,115,6.3039
GLY 116,116,-3.5714
TRP 117,117,13.3485
MET 118,118,3.4993
THR 119,119,-20.2589
HID 120,120,15.1762
ASN 121,121,-54.0127
PRO 122,122,27.0906
PRO 123,123,15.1980
ILE 124,124,23.3264
PRO 125,125,18.6959
VAL 126,126,-10.4257
GLY 127,127,-6.3261
GLU 128,128,-57.0555
ILE 129,129,8.9139
TYR 130,130,-9.1142
LYS 131,131,-3.0424
ARG 132,132,-166.6793
TRP 133,133,12.0657
ILE 134,134,6.1621
ILE 135,135,8.1911
LEU 136,136,-13.1686
GLY 137,137,-4.0511
LEU 138,138,-13.4963
ASN 139,139,-64.0558
LYS 140,140,-3.9021
ILE 141,141,3.8863
VAL 142,142,-3.3819
ARG 143,143,-161.9307
MET 144,144,3.5787
TYR 145,145,-7.0022
SER 146,146,13.4369
PRO 147,147,16.4682
THR 148,148,-14.4198
SER 149,149,5.5808
ILE 150,150,25.1301
LEU   1,1,-5.9189
ASP   2,2,-65.8264
ILE   3,3,18.3370
ARG   4,4,-171.3840
GLN   5,5,-66.1060
GLY   6,6,6.8517
PRO   7,7,23.8953
LYS   8,8,-4.3064
GLU   9,9,-46.3738
PRO  10,10,15.5600
PHE  11,11,15.4402
ARG  12,12,-175.4088
ASP  13,13,-69.8745
TYR  14,14,-13.3500
VAL  15,15,-12.9426
ASP  16,16,-58.2548
ARG  17,17,-180.6213
PHE  18,18,1.3333
TYR  19,19,-1.7086
LYS  20,20,-7.8449
THR  21,21,-19.9998
LEU  22,22,-5.9102
ARG  23,23,-164.2628
ALA  24,24,0.5380
GLU  25,25,-60.2976
GLN  26,26,-52.7469
ALA  27,27,6.4500
SER  28,28,-0.7410
GLN  29,29,-54.8758
GLU  30,30,-57.8351
VAL  31,31,-3.7603
LYS  32,32,-6.4312
ASN  33,33,-74.6494
TRP  34,34,18.6679
MET  35,35,4.5003
THR  36,36,-20.4938
GLU  37,37,-57.0052
THR  38,38,-14.9982
LEU  39,39,-8.7468
LEU  40,40,-15.5796
VAL  41,41,-11.1717
GLN  42,42,-56.7894
ASN  43,43,-71.7100
ALA  44,44,3.1610
ASN  45,45,-61.2096
PRO  46,46,13.9853
ASP  47,47,-61.0396
CYX  48,48,10.4528
LYS  49,49,-6.4800
THR  50,50,-21.0829
ILE  51,51,13.2723
LEU  52,52,-9.6950
LYS  53,53,-2.6750
ALA  54,54,4.7892
LEU  55,55,-10.7916
GLY  56,56,7.4426
PRO  57,57,16.9707
GLY  58,58,-3.2009
ALA  59,59,5.9483
THR  60,60,-14.0392
LEU  61,61,-11.7853
GLU  62,62,-61.8136
GLU  63,63,-59.7887
MET  64,64,5.0618
MET  65,65,5.2273
THR  66,66,-16.6945
ALA  67,67,5.4056
CYX  68,68,5.8584
GLN  69,69,-50.7160
GLY  70,70,7.3145
VAL  71,71,-100.4349
PRO   1,1,-0.0686
ILE   2,2,-0.0001
VAL   3,3,-0.0001
GLN   4,4,-0.0008
ASN   5,5,0.0003
LEU   6,6,0.0001
GLN   7,7,0.0006
GLY   8,8,0.0002
GLN   9,9,0.0001
MET  10,10,-0.0003
VAL  11,11,0.0002
HID  12,12,-0.0001
GLN  13,13,-0.0003
ALA  14,14,0.0008
ILE  15,15,-0.0015
SER  16,16,-0.0019
PRO  17,17,-0.0015
ARG  18,18,-0.0520
THR  19,19,-0.0029
LEU  20,20,-0.0030
ASN  21,21,-0.0040
ALA  22,22,-0.0056
TRP  23,23,-0.0191
VAL  24,24,-0.0054
LYS  25,25,-0.0314
VAL  26,26,-0.0427
VAL  27,27,-0.0267
GLU  28,28,-0.0107
GLU  29,29,-0.0422
LYS  30,30,0.1344
ALA  31,31,-0.0717
PHE  32,32,-0.0554
SER  33,33,-0.2838
PRO  34,34,-1.7966
GLU  35,35,5.4846
VAL  36,36,-0.0241
ILE  37,37,-0.4152
PRO  38,38,-0.1493
MET  39,39,-0.0177
PHE  40,40,-0.0105
SER  41,41,-0.0035
ALA  42,42,-0.0005
LEU  43,43,-0.0017
SER  44,44,0.0002
GLU  45,45,0.0581
GLY  46,46,-0.0004
ALA  47,47,0.0001
THR  48,48,-0.0012
PRO  49,49,-0.0016
GLN  50,50,-0.0024
ASP  51,51,0.0649
LEU  52,52,0.0017
ASN  53,53,-0.0006
THR  54,54,-0.0045
MET  55,55,-0.0048
LEU  56,56,-0.0039
ASN  57,57,-0.0026
THR  58,58,-0.0063
VAL  59,59,-0.0037
ALA  60,60,0.0005
PRO  61,61,-0.0010
HID  62,62,-0.0042
GLN  63,63,-0.0003
ALA  64,64,0.0032
ALA  65,65,0.0004
ALA  66,66,-0.0003
GLN  67,67,-0.0033
MET  68,68,-0.0044
LEU  69,69,-0.0015
LYS  70,70,-0.0615
GLU  71,71,0.0892
THR  72,72,0.0028
ILE  73,73,0.0006
ASN  74,74,-0.0031
GLU  75,75,0.1271
GLU  76,76,0.1550
ALA  77,77,-0.0007
ALA  78,78,-0.0023
GLU  79,79,0.1424
TRP  80,80,-0.0007
ASP  81,81,0.0863
ARG  82,82,-0.1141
LEU  83,83,-0.0035
HID  84,84,0.0020
PRO  85,85,-0.0004
VAL  86,86,-0.0002
HID  87,87,-0.0009
ALA  88,88,-0.0004
GLY  89,89,0.0009
PRO  90,90,0.0004
ILE  91,91,-0.0012
ALA  92,92,0.0012
PRO  93,93,0.0006
GLY  94,94,0.0003
GLN  95,95,-0.0001
MET  96,96,-0.0008
ARG  97,97,-0.0804
GLU  98,98,0.0838
PRO  99,99,-0.0001
ARG 100,100,-0.0861
GLY 101,101,-0.0011
SER 102,102,-0.0003
ASP 103,103,0.0744
ILE 104,104,-0.0027
ALA 105,105,-0.0027
GLY 106,106,-0.0018
THR 107,107,-0.0013
THR 108,108,0.0001
SER 109,109,-0.0019
THR 110,110,0.0019
LEU 111,111,0.0015
GLN 112,112,0.0005
GLU 113,113,0.0763
GLN 114,114,0.0016
ILE 115,115,0.0004
GLY 116,116,-0.0004
TRP 117,117,-0.0008
MET 118,118,-0.0003
THR 119,119,-0.0011
HID 120,120,-0.0010
ASN 121,121,-0.0005
PRO 122,122,-0.0010
PRO 123,123,0.0007
ILE 124,124,-0.0020
PRO 125,125,-0.0002
VAL 126,126,0.0007
GLY 127,127,0.0004
GLU 128,128,0.0763
ILE 129,129,-0.0002
TYR 130,130,0.0002
LYS 131,131,-0.0769
ARG 132,132,-0.0462
TRP 133,133,-0.0088
ILE 134,134,-0.0128
ILE 135,135,-0.0821
LEU 136,136,-0.0363
GLY 137,137,-0.0064
LEU 138,138,-0.0854
ASN 139,139,0.6953
LYS 140,140,-0.2152
ILE 141,141,-0.0489
VAL 142,142,-0.8911
ARG 143,143,-11.4782
MET 144,144,-0.0345
TYR 145,145,-0.1308
SER 146,146,0.6349
PRO 147,147,-0.2685
THR 148,148,-0.3508
SER 149,149,-5.5129
ILE 150,150,-12.5696
LEU 151,151,-5.7092
ASP 152,152,-1.0244
ILE 153,153,-2.8591
ARG 154,154,-0.5585
GLN 155,155,-0.0126
GLY 156,156,0.0021
PRO 157,157,-0.0038
LYS 158,158,-0.0485
GLU 159,159,0.0110
PRO 160,160,-0.0009
PHE 161,161,0.0027
ARG 162,162,-0.0131
ASP 163,163,-0.0047
TYR 164,164,-0.0107
VAL 165,165,-0.0154
ASP 166,166,0.1016
ARG 167,167,-0.0337
PHE 168,168,-1.0690
TYR 169,169,-0.2376
LYS 170,170,-0.3201
THR 171,171,-1.8322
LEU 172,172,-1.0404
ARG 173,173,-3.4709
ALA 174,174,-0.6563
GLU 175,175,4.6461
GLN 176,176,-0.5472
ALA 177,177,-0.0726
SER 178,178,-0.0434
GLN 179,179,-0.0239
GLU 180,180,0.0639
VAL 181,181,-0.0593
LYS 182,182,-0.1988
ASN 183,183,-0.0122
TRP 184,184,-0.0550
MET 185,185,-0.5710
THR 186,186,-0.0202
GLU 187,187,0.0396
THR 188,188,-0.0131
LEU 189,189,-0.8124
LEU 190,190,-0.0472
VAL 191,191,-0.0010
GLN 192,192,-0.0928
ASN 193,193,-1.1859
ALA 194,194,-0.0088
ASN 195,195,0.0013
PRO 196,196,0.0005
ASP 197,197,0.0595
CYX 198,198,-0.0032
LYS 199,199,-0.0774
THR 200,200,-0.0002
ILE 201,201,-0.0023
LEU 202,202,-0.0049
LYS 203,203,-0.0662
ALA 204,204,-0.0022
LEU 205,205,-0.0048
GLY 206,206,0.0008
PRO 207,207,-0.0021
GLY 208,208,-0.0023
ALA 209,209,-0.0026
THR 210,210,0.0020
LEU 211,211,-0.0032
GLU 212,212,0.0002
GLU 213,213,0.0257
MET 214,214,-0.0023
MET 215,215,-0.0035
THR 216,216,0.0002
ALA 217,217,0.0010
CYX 218,218,-0.0033
GLN 219,219,0.0009
GLY 220,220,0.0011
VAL 221,221,0.0434
